# The mean values of the components (in mm)
270
1
5
-59.073211 
-48.962998 
-37.456475 
-24.668570 
-14.415698 
-25.807693 
-39.624825 
-50.544548 
58.677188 
48.832925 
37.202957 
24.260573 
14.179372 
25.378577 
39.294162 
50.376436 
-44.682710 
-40.277017 
-33.374290 
-25.163690 
-18.712846 
-25.579094 
-34.403981 
-40.772288 
44.118149 
39.218952 
31.862237 
24.785002 
17.659805 
24.958866 
33.937039 
40.494035 
0.224744 
0.060544 
-4.977485 
-10.015514 
-15.053543 
-16.992634 
-8.569216 
0.000661 
8.498844 
16.119648 
15.502308 
5.207799 
10.355054 
-26.345266 
-16.197757 
-8.333668 
0.054010 
8.489105 
16.448698 
25.714159 
16.930604 
8.849501 
0.006905 
-8.903152 
-16.995199 
-16.436637 
-7.698261 
-0.130138 
7.589409 
16.204175 
16.249670 
7.641786 
-0.109493 
-7.787917 
-16.533175 
-75.656137 
-74.916439 
-71.399441 
-68.347363 
-65.132907 
-60.191463 
-52.378172 
-42.134987 
-30.495233 
-16.591065 
1.212211 
19.023234 
32.388283 
43.717350 
53.668673 
61.011132 
65.828491 
68.918697 
71.585908 
74.599247 
75.246549 
-32.870739 
32.129261 
-44.397352 
-49.378661 
-50.727508 
-49.822940 
-48.817508 
-56.418709 
-57.772631 
-55.601373 
-43.775106 
-49.812781 
-51.113164 
-49.995585 
-49.542190 
-56.639689 
-58.064210 
-55.865621 
-34.125709 
-30.325404 
-28.883755 
-30.370285 
-32.920394 
-38.413089 
-38.856554 
-37.212767 
-33.428702 
-30.038379 
-28.903853 
-30.378442 
-32.581560 
-38.383302 
-38.807420 
-37.001262 
-1.337553 
-30.702014 
-22.347857 
-13.993699 
-5.639541 
8.423811 
11.409437 
12.784934 
11.362712 
8.294609 
-6.495054 
-22.633028 
-14.564041 
35.285451 
39.570621 
42.485460 
43.013787 
42.480995 
39.478304 
35.236792 
29.123001 
25.437111 
26.268498 
25.336436 
29.140544 
34.587827 
34.424648 
34.795914 
34.415747 
34.562706 
33.176298 
32.052511 
31.865430 
32.038777 
33.178784 
-26.397056 
-10.551259 
5.493997 
17.403553 
30.726042 
45.270013 
58.142018 
67.538680 
74.035968 
79.390520 
81.466257 
78.869665 
73.334425 
66.955020 
57.238794 
44.111067 
28.975766 
15.765571 
4.035527 
-12.036765 
-26.331398 
-33.888495 
-33.690365 
8.745296 
-5.601888 
-12.144207 
-15.495798 
-18.123362 
-18.031238 
-11.593125 
-2.989428 
8.702833 
-5.324336 
-11.850597 
-15.321966 
-18.489404 
-17.941157 
-11.377567 
-2.845856 
2.418462 
-1.906512 
-5.275829 
-5.185333 
-2.646924 
-6.417179 
-7.029271 
-4.286496 
2.640543 
-2.301529 
-5.290653 
-5.098840 
-1.987629 
-6.104756 
-6.730345 
-4.147991 
-44.547026 
-25.281770 
-23.835777 
-22.389784 
-20.943791 
-16.106208 
-24.155372 
-27.718243 
-24.105753 
-16.632010 
-19.111659 
-23.225066 
-21.168363 
-10.026322 
-19.886538 
-24.305252 
-25.182511 
-24.167207 
-19.751432 
-9.840777 
-21.507495 
-26.791599 
-28.399515 
-26.830053 
-21.570944 
-17.334225 
-21.891181 
-23.697190 
-21.913594 
-17.294790 
-17.129795 
-21.985539 
-24.408008 
-21.982868 
-17.188973 
47.695265 
48.070438 
46.576631 
45.046218 
42.148968 
36.840600 
28.292835 
17.459773 
6.953634 
-1.232809 
-4.290570 
-0.842753 
7.928116 
18.622400 
29.412664 
37.527365 
42.175441 
44.776779 
46.824525 
48.066525 
47.577776 
-3.791135 
-3.627650 
# The principal components (eigenvectors) of identity or combined identity and expression model
270
26
5
0.055256 -0.018063 -0.000528 0.036217 0.064742 0.001356 -0.073199 0.138126 0.037454 -0.008939 -0.020223 0.023246 0.038251 0.046928 0.021840 0.027376 -0.091127 -0.008747 -0.032431 -0.097594 -0.098265 -0.000031 0.011023 0.119680 -0.006846 -0.044995 
0.038632 -0.019531 -0.024164 0.034159 0.053094 -0.004214 -0.094491 0.130164 0.084897 -0.006498 -0.053852 0.064687 0.027430 0.039194 0.001939 0.018125 -0.067147 0.006114 -0.026812 -0.049935 -0.053901 0.034094 0.030449 0.144936 -0.033820 -0.078194 
0.030727 -0.020345 -0.016291 0.019501 0.036515 -0.011599 -0.096451 0.105639 0.066801 0.021169 -0.054229 0.043470 0.011751 0.021993 0.002661 0.029005 -0.037435 0.048251 -0.020429 -0.008730 -0.026109 0.037500 0.028272 0.100005 -0.049790 -0.053293 
0.021571 -0.023263 -0.011564 0.018784 0.024878 -0.016826 -0.087060 0.071179 0.053080 0.017481 -0.042176 0.025312 -0.007192 0.003680 0.008887 0.036409 -0.020599 0.064544 -0.029513 0.043800 -0.008867 0.048441 0.012498 0.055332 -0.041009 -0.008473 
0.012516 -0.022094 -0.007310 0.010521 0.008583 -0.013511 -0.079470 0.045409 0.036984 0.014057 -0.027248 0.018062 -0.001509 -0.009470 -0.003861 0.038500 -0.020590 0.059601 -0.013465 0.068055 0.005405 0.042782 0.021774 0.012784 -0.026957 0.032602 
0.023459 -0.012946 -0.008174 0.014759 0.021602 -0.006686 -0.078442 0.078080 0.061495 0.009740 -0.021343 0.026829 0.024267 0.013602 0.004283 0.021351 -0.036052 0.060521 -0.025762 0.022279 -0.048449 0.050797 0.024862 0.079343 -0.050922 -0.022213 
0.036006 -0.012606 -0.007664 0.010209 0.029888 -0.001599 -0.083564 0.118626 0.059528 0.008279 -0.032773 0.043129 0.028263 0.026251 0.003430 0.014521 -0.078042 0.024619 -0.022044 -0.020752 -0.058637 0.033148 0.016702 0.137342 -0.056019 -0.067348 
0.047387 -0.011206 -0.011212 0.015963 0.053200 -0.000036 -0.082555 0.145795 0.056930 -0.015136 -0.028581 0.057287 0.032893 0.031253 0.019202 0.013710 -0.100470 -0.002633 -0.027383 -0.063640 -0.098178 0.012917 0.034955 0.166605 -0.056285 -0.062034 
-0.059711 0.023152 0.007397 -0.043173 -0.072925 -0.018729 0.004397 -0.140177 -0.024864 -0.007876 0.022134 0.006265 -0.038690 -0.027491 -0.001650 -0.044805 0.026602 0.082549 0.003819 0.088192 0.071772 0.005375 -0.006397 -0.098680 0.029886 0.047903 
-0.042337 0.026048 0.028486 -0.049478 -0.065267 -0.019147 0.000420 -0.136234 -0.068523 0.003238 0.053039 -0.026697 -0.033660 -0.020018 0.008014 -0.056518 -0.036839 0.109288 -0.016217 0.080626 0.043720 -0.028655 -0.001942 -0.122335 0.035851 0.062888 
-0.034251 0.025130 0.019258 -0.034182 -0.044605 -0.011987 -0.012974 -0.112967 -0.062686 -0.017583 0.055002 -0.009815 -0.004249 -0.006804 0.008622 -0.047027 -0.047005 0.110786 -0.026980 0.054217 0.028974 -0.010284 0.022857 -0.081404 0.039733 0.046387 
-0.022903 0.021151 0.013362 -0.033125 -0.031721 -0.003439 -0.028177 -0.074150 -0.048844 -0.016997 0.035468 0.003336 0.006691 0.005205 0.011774 -0.039039 -0.051355 0.092951 -0.012985 0.013932 0.032785 -0.012455 0.038262 -0.050119 0.016782 0.026092 
-0.013810 0.011857 0.007379 -0.026788 -0.020092 -0.008078 -0.038386 -0.045641 -0.034362 -0.012753 0.029235 -0.001203 0.013628 -0.004001 0.013092 -0.022436 -0.029628 0.084192 -0.003404 -0.001273 0.020573 -0.012152 0.038522 -0.035575 0.003594 0.012201 
-0.025720 0.013484 0.009484 -0.030188 -0.032662 -0.014022 -0.028389 -0.076529 -0.047387 -0.013474 0.021314 0.009429 0.004736 -0.016265 0.013449 -0.028155 -0.025795 0.107682 -0.016397 0.047883 0.059787 -0.041623 0.039129 -0.071227 0.034191 0.047222 
-0.039227 0.016541 0.011717 -0.024904 -0.038106 -0.016695 -0.008717 -0.116291 -0.047564 -0.006226 0.030963 -0.012453 -0.012796 -0.024130 0.004353 -0.042958 -0.013001 0.126745 -0.037653 0.072593 0.061325 -0.034430 0.029697 -0.110108 0.052616 0.052615 
-0.051144 0.016699 0.014703 -0.031256 -0.060820 -0.021633 0.011761 -0.142467 -0.046419 0.003808 0.031043 -0.028774 -0.028398 -0.014099 -0.000270 -0.044757 0.007113 0.118504 -0.024502 0.081748 0.078915 -0.014755 0.014269 -0.143206 0.058195 0.044638 
0.034562 -0.024041 -0.025788 0.038566 0.045849 0.017651 -0.077934 0.059284 0.054259 0.061587 -0.023503 -0.120489 -0.019042 0.027674 -0.013942 0.004286 -0.002878 0.060298 -0.031527 -0.033653 -0.071429 0.031905 -0.007101 -0.059193 -0.012790 -0.005982 
0.034297 -0.030045 -0.019099 0.044793 0.045319 0.011629 -0.083097 0.046297 0.054033 0.087677 -0.020495 -0.125256 -0.025114 0.026043 -0.021916 0.017021 0.013134 0.048478 -0.033241 -0.008034 -0.035048 0.006914 -0.006300 -0.052554 -0.003866 0.052674 
0.031031 -0.034760 -0.012228 0.045273 0.041810 0.003358 -0.088683 0.035344 0.041999 0.095887 -0.026359 -0.094955 -0.043193 0.007978 -0.005269 0.048435 0.032266 0.048573 -0.017301 0.032790 0.027193 0.015651 -0.013277 -0.058096 0.003542 0.084029 
0.023341 -0.038331 -0.007455 0.048677 0.037445 -0.009846 -0.086604 0.022784 0.030919 0.090930 -0.026636 -0.054493 -0.067420 -0.015034 0.023053 0.074081 0.040771 0.049625 -0.000297 0.086222 0.085330 0.022330 -0.020648 -0.066477 0.002764 0.101722 
0.017893 -0.043681 0.000898 0.041654 0.020137 -0.019805 -0.080534 0.019232 0.010158 0.106398 -0.026387 -0.034634 -0.071507 -0.033963 0.048180 0.108330 0.053551 0.076685 0.007992 0.122908 0.144606 0.033900 -0.034665 -0.059158 -0.001836 0.120746 
0.027560 -0.045413 -0.005624 0.035597 0.026361 -0.016521 -0.097871 0.046962 0.032197 0.108075 -0.039516 -0.028795 -0.067355 -0.035172 0.050045 0.112297 0.035637 0.086655 0.008099 0.099556 0.129872 0.057163 -0.011432 -0.038533 -0.010099 0.073617 
0.029521 -0.037189 -0.020830 0.044529 0.039034 -0.003944 -0.095479 0.058618 0.065140 0.080925 -0.032225 -0.062477 -0.047615 0.003428 0.016664 0.060121 0.010642 0.087930 -0.020375 0.038666 0.009948 0.060099 0.008009 -0.051778 -0.012443 0.008873 
0.031841 -0.031020 -0.024537 0.048539 0.046817 0.008472 -0.092847 0.059056 0.070353 0.061831 -0.033450 -0.088333 -0.033680 0.016695 0.007577 0.030914 -0.010271 0.088942 -0.022553 -0.004404 -0.047007 0.043342 0.005066 -0.068719 -0.018841 -0.032785 
-0.040167 0.028652 0.033723 -0.056771 -0.061377 -0.040925 -0.010791 -0.103844 -0.074203 -0.091805 0.037484 0.122278 -0.006769 -0.003846 0.048732 -0.000369 -0.052502 -0.024800 0.049409 0.024596 0.021887 0.006331 -0.041809 0.067674 -0.033387 0.019903 
-0.038380 0.028779 0.026947 -0.050570 -0.053234 -0.035311 -0.018652 -0.093705 -0.070881 -0.108021 0.041357 0.123388 -0.002565 -0.003560 0.044812 -0.016657 -0.046479 -0.005822 0.047966 -0.008048 0.004103 0.047497 -0.016160 0.049151 -0.022915 -0.035422 
-0.031784 0.030708 0.018352 -0.052742 -0.045428 -0.021592 -0.023760 -0.081969 -0.061961 -0.109066 0.046076 0.089517 0.010256 0.013245 0.014648 -0.041684 -0.053811 -0.011263 0.037247 -0.056314 -0.056858 0.042765 0.006560 0.050947 -0.037834 -0.070451 
-0.024263 0.029593 0.009920 -0.053907 -0.039288 -0.007689 -0.023783 -0.068719 -0.049600 -0.098647 0.046755 0.045976 0.024022 0.035745 -0.010111 -0.061080 -0.058462 -0.015939 0.019248 -0.094902 -0.109552 0.037358 0.017224 0.056887 -0.057949 -0.096213 
-0.020438 0.032233 -0.000390 -0.042257 -0.015766 0.007918 -0.026764 -0.054713 -0.036685 -0.095300 0.040888 0.026979 0.034593 0.049801 -0.030257 -0.097012 -0.077323 -0.015198 -0.002227 -0.125500 -0.152262 0.039231 0.025545 0.077955 -0.068596 -0.081520 
-0.030245 0.040445 0.005500 -0.045603 -0.030905 -0.003402 -0.015228 -0.085803 -0.048282 -0.083493 0.046458 0.041858 0.039112 0.040130 -0.019305 -0.103930 -0.076810 0.010475 0.001244 -0.075579 -0.140869 0.014630 0.035243 0.030785 -0.031796 -0.044836 
-0.033698 0.038322 0.025800 -0.057445 -0.056604 -0.014898 -0.015753 -0.097410 -0.075809 -0.071672 0.050000 0.084940 0.029433 0.015236 0.011844 -0.054270 -0.052412 0.005684 0.026835 -0.029847 -0.028341 0.014713 0.010638 0.063038 -0.003701 -0.002081 
-0.035705 0.034953 0.032762 -0.062168 -0.066301 -0.028310 -0.012674 -0.100371 -0.082049 -0.056538 0.056998 0.095696 0.017957 0.009994 0.023823 -0.019839 -0.043099 -0.001320 0.025060 -0.003339 0.031169 0.025816 0.000764 0.078419 0.016478 0.033330 
0.005686 0.003283 0.012775 -0.001674 0.013525 -0.003225 -0.022895 -0.019651 -0.035943 -0.015364 -0.028504 -0.023462 -0.081205 -0.027445 -0.113596 0.039434 0.123963 -0.179480 0.095177 -0.105220 -0.007990 -0.007603 0.060232 -0.034266 0.011871 -0.078777 
0.005871 -0.002838 0.006190 -0.006829 0.012420 -0.005843 -0.048942 -0.005723 -0.012577 -0.024782 -0.017727 -0.006891 -0.040682 -0.014164 -0.052783 0.030008 0.058561 -0.073878 0.058553 -0.034645 0.001123 0.008539 0.035796 -0.050750 -0.041104 -0.042622 
0.011084 0.000879 0.006112 0.000285 0.019795 -0.002209 -0.046346 -0.012160 -0.005232 -0.009577 -0.017110 0.001879 -0.048730 -0.011447 -0.039561 0.029400 0.068250 -0.085418 0.052736 -0.042203 0.001203 -0.019055 -0.002459 -0.033666 -0.028034 -0.026748 
0.016297 0.004597 0.006034 0.007399 0.027169 0.001426 -0.043750 -0.018597 0.002113 0.005628 -0.016493 0.010650 -0.056779 -0.008730 -0.026338 0.028792 0.077939 -0.096959 0.046920 -0.049761 0.001283 -0.046650 -0.040714 -0.016581 -0.014963 -0.010874 
0.021511 0.008314 0.005956 0.014513 0.034544 0.005061 -0.041155 -0.025034 0.009458 0.020833 -0.015877 0.019421 -0.064827 -0.006013 -0.013116 0.028184 0.087628 -0.108500 0.041103 -0.057319 0.001364 -0.074244 -0.078969 0.000503 -0.001893 0.005000 
0.037311 -0.003973 0.017511 0.021961 0.042462 0.041983 0.009873 -0.055671 0.000744 0.078874 -0.031395 0.017379 -0.080717 0.021364 -0.009870 0.030826 0.087428 -0.079754 0.040722 -0.037613 0.012544 -0.076724 -0.067819 0.046556 0.020922 0.077917 
0.020071 0.006131 0.017556 0.012617 0.026112 0.036594 0.020812 -0.039088 -0.021114 0.016011 -0.025922 0.016169 -0.089239 0.015412 -0.032601 0.037162 0.094450 -0.122971 0.075283 -0.051146 0.022884 -0.056393 -0.026928 0.010409 -0.011797 0.039955 
0.001980 0.000734 0.005720 0.009696 0.006734 0.011969 0.026820 -0.017852 -0.022012 -0.009569 -0.021642 -0.029379 -0.075374 0.012122 -0.072957 0.047296 0.083875 -0.135423 0.068934 -0.067209 -0.006152 0.000959 0.000455 -0.030911 0.013168 0.006144 
-0.018223 -0.008699 -0.012887 0.002870 -0.007163 -0.009919 0.029590 0.014208 -0.023896 -0.035700 -0.012369 -0.059811 -0.054037 -0.003916 -0.100988 0.060092 0.043777 -0.090866 0.074641 -0.069536 -0.028263 0.033812 -0.003359 -0.062718 0.056517 -0.018074 
-0.033537 -0.006708 -0.021423 -0.009552 -0.024497 -0.018787 0.014100 0.033556 -0.020991 -0.084577 0.005277 -0.059353 -0.043313 0.007258 -0.106228 0.036662 0.009393 -0.029852 0.086139 -0.040202 -0.026062 0.082557 0.008963 -0.079827 0.020736 -0.046965 
-0.016764 -0.013798 0.003544 -0.017095 -0.018454 -0.016953 -0.025519 -0.001079 -0.050434 -0.053530 -0.000703 -0.049258 -0.030041 -0.001337 -0.105582 0.026322 0.046296 -0.083607 0.074177 -0.038344 -0.008512 0.075726 0.063642 -0.068670 -0.012861 -0.060981 
-0.001674 -0.006491 0.005308 -0.010251 0.002129 -0.009547 -0.041134 -0.004175 -0.025196 -0.034365 -0.012052 -0.021013 -0.037135 -0.009888 -0.070383 0.028779 0.054473 -0.077121 0.063761 -0.035878 -0.002089 0.030935 0.045078 -0.056724 -0.031690 -0.048742 
-0.009219 -0.010145 0.004426 -0.013673 -0.008163 -0.013250 -0.033326 -0.002627 -0.037815 -0.043948 -0.006378 -0.035135 -0.033588 -0.005612 -0.087982 0.027551 0.050385 -0.080364 0.068969 -0.037111 -0.005300 0.053331 0.054360 -0.062697 -0.022275 -0.054862 
0.091909 -0.022674 0.036304 0.011406 0.010831 0.176687 0.075777 -0.122733 0.000303 0.156373 -0.155755 0.088346 -0.023954 -0.006511 -0.006744 -0.086362 -0.039563 0.028175 -0.006922 0.024141 -0.017729 0.065041 -0.021430 0.080110 0.059861 -0.004324 
0.033551 -0.005750 0.015803 0.009417 0.042429 0.106943 0.111029 -0.050438 0.023556 0.079447 -0.058302 0.057717 0.000651 0.019890 0.026760 -0.098198 -0.034910 -0.001111 -0.047085 0.005250 0.006062 0.047591 0.017136 0.051875 -0.040029 0.027474 
0.009209 -0.002685 0.006200 0.005563 0.028193 0.069907 0.136003 -0.011932 0.021966 0.043443 -0.026910 0.032894 0.024056 0.000592 0.033895 -0.071952 -0.023311 -0.032780 -0.090375 0.021452 0.040234 0.036404 0.014710 -0.002455 -0.037186 0.016810 
0.000954 -0.002678 -0.013521 0.010399 0.001702 0.034237 0.148419 0.027890 0.020095 0.010411 -0.003899 -0.005755 0.033903 -0.015181 0.031702 -0.020781 -0.019908 -0.039032 -0.108282 0.024490 0.058792 0.017439 0.012368 -0.016110 -0.030548 0.019487 
-0.005697 -0.000119 -0.032251 0.014361 -0.022957 -0.004967 0.152514 0.062274 0.009560 -0.021462 0.014632 -0.035524 0.035938 -0.028223 0.025474 0.029723 -0.022895 -0.023011 -0.101845 0.018964 0.064018 -0.017787 0.008258 -0.016866 -0.017343 0.011435 
-0.028513 0.004592 -0.041207 0.010789 -0.031363 -0.049713 0.146457 0.097786 0.002522 -0.062332 0.045826 -0.054746 0.022182 -0.015370 0.004646 0.071129 -0.024577 0.018020 -0.072863 0.024134 0.068162 -0.040915 -0.011581 -0.003606 0.000178 -0.011176 
-0.085637 0.020516 -0.057218 0.003856 0.001036 -0.129045 0.126420 0.162926 0.020827 -0.139444 0.139079 -0.089624 -0.009001 0.051509 -0.019596 0.111448 -0.044158 0.120825 0.021664 0.002339 0.010002 -0.064929 -0.020535 -0.046089 -0.015325 -0.023844 
-0.052414 0.013977 -0.031978 0.002227 -0.034085 -0.077950 0.092074 0.126481 -0.011376 -0.128353 0.052998 -0.043577 -0.086325 -0.006248 -0.077554 0.113317 0.023555 0.043076 0.069996 -0.070011 0.011818 0.011324 0.036181 0.018521 0.008586 0.026828 
-0.024183 -0.000123 -0.021481 0.001830 -0.025825 -0.021676 0.081449 0.064647 -0.018119 -0.076719 0.009338 -0.042667 -0.080028 -0.009630 -0.067144 0.092494 0.036226 -0.038602 0.070760 -0.068569 -0.000586 0.015778 0.030105 -0.001679 0.018957 0.045862 
-0.000277 -0.000805 -0.002221 0.003286 0.005893 0.024361 0.077739 -0.000840 -0.009878 -0.007774 -0.024252 -0.007801 -0.066247 0.016981 -0.051921 0.037463 0.047757 -0.095005 0.056445 -0.044718 -0.003208 -0.002031 -0.025336 -0.012045 0.016025 0.038239 
0.022576 0.000215 0.017063 0.009315 0.037733 0.064185 0.070990 -0.065358 -0.003334 0.065438 -0.062481 0.039770 -0.066562 0.050667 -0.027172 -0.016840 0.041530 -0.089677 0.059332 -0.005470 -0.013423 -0.020271 -0.070373 -0.010526 0.031185 0.010388 
0.048882 -0.014538 0.017800 0.005512 0.041984 0.122495 0.063659 -0.111488 0.002666 0.124991 -0.103609 0.058496 -0.043046 0.069254 -0.004240 -0.053997 -0.021491 -0.048818 0.070287 0.014000 -0.020723 -0.028828 -0.095505 0.002363 0.054874 0.006121 
0.049173 -0.011050 0.018569 0.010849 0.029396 0.129648 0.112549 -0.068203 0.014716 0.092709 -0.088962 0.065950 -0.009504 0.002732 0.020920 -0.085923 -0.032662 -0.009669 -0.052555 0.019133 0.008721 0.053391 0.005322 0.056774 -0.009259 0.018275 
0.018961 -0.004109 0.002110 0.011165 0.028286 0.082339 0.139515 -0.018132 0.020163 0.041424 -0.040564 0.034977 0.004914 0.002205 0.032928 -0.063511 -0.024813 -0.036481 -0.088106 0.020184 0.030400 0.038204 0.020509 0.024681 -0.040019 0.026147 
0.001273 -0.001852 -0.013073 0.012354 0.007502 0.034760 0.156677 0.027480 0.016646 0.002518 -0.010562 -0.004574 0.019300 -0.008093 0.029279 -0.019126 -0.016014 -0.052259 -0.113575 0.027295 0.047309 0.019482 0.024130 -0.016170 -0.032416 0.019294 
-0.015042 0.001964 -0.029029 0.013442 -0.013043 -0.013732 0.160971 0.073631 0.010955 -0.036932 0.023464 -0.047377 0.026980 -0.004456 0.012943 0.029811 -0.024880 -0.020996 -0.096183 0.028457 0.051329 -0.016484 0.016261 -0.023536 -0.020511 0.004358 
-0.044013 0.009420 -0.043744 0.010609 -0.015198 -0.068333 0.150885 0.118780 0.012349 -0.084253 0.073345 -0.075727 0.017546 0.015411 -0.003349 0.073336 -0.034261 0.036698 -0.051103 0.020138 0.038893 -0.044621 0.001373 -0.033509 -0.014814 -0.010021 
-0.056970 0.014034 -0.043902 0.006072 -0.005727 -0.081840 0.120970 0.123195 0.008785 -0.107040 0.083551 -0.070061 -0.043388 0.023351 -0.041045 0.097840 -0.016829 0.054506 0.032348 -0.033787 -0.006797 -0.039123 -0.004798 0.004964 0.005470 0.025384 
-0.029099 0.007120 -0.027458 0.007241 -0.003177 -0.029342 0.113020 0.071339 0.001503 -0.063990 0.032425 -0.044185 -0.055535 0.014044 -0.044536 0.070221 0.005343 -0.013574 0.030143 -0.043337 -0.010370 -0.015559 -0.004218 0.018535 0.012827 0.048805 
-0.002025 -0.000226 -0.007889 0.007365 0.008687 0.028451 0.102572 0.007358 -0.001019 -0.010293 -0.014298 -0.011995 -0.045442 0.023590 -0.030067 0.028590 0.022358 -0.083418 0.015050 -0.026312 -0.000719 0.005763 -0.018795 -0.005376 0.006745 0.046419 
0.027534 -0.009135 0.007371 0.006725 0.020304 0.085800 0.096124 -0.050905 -0.000455 0.054209 -0.067405 0.032118 -0.051151 0.042132 -0.019946 -0.011172 0.006889 -0.058482 0.035012 0.004891 -0.012134 0.012910 -0.047423 -0.000709 0.025906 0.023119 
0.058845 -0.016617 0.022102 0.008072 0.021019 0.135212 0.087193 -0.094269 -0.000014 0.109764 -0.114557 0.065565 -0.043988 0.032099 -0.012171 -0.049489 -0.013751 -0.021285 0.027687 0.021709 -0.017804 0.032670 -0.048302 0.027786 0.043611 0.006205 
0.091436 -0.023385 0.075388 0.041941 0.055553 0.022238 -0.000590 0.099605 -0.138170 0.002647 0.055180 0.007363 0.053324 -0.001691 0.151853 0.017700 -0.166312 -0.020204 0.086949 -0.068934 -0.020089 -0.153043 -0.095910 -0.103831 0.251106 -0.047448 
0.094303 -0.017906 0.084478 0.030395 0.049667 0.011864 -0.005255 0.074866 -0.154971 -0.012504 0.052302 0.048879 0.018026 0.025493 0.108995 -0.008952 -0.113309 0.010204 0.080956 -0.072856 -0.042937 -0.096074 -0.077479 -0.142550 0.169151 -0.011138 
0.104981 0.005831 0.118380 0.033887 0.057118 -0.017710 -0.004271 0.027392 -0.132666 -0.048190 0.057481 0.029105 -0.008277 -0.004997 0.032890 -0.044261 -0.042867 0.044307 0.035443 -0.024153 -0.030982 -0.045670 -0.079524 -0.086945 0.130822 0.062659 
0.114547 0.011982 0.150175 0.042625 0.073832 -0.058567 -0.006741 0.005369 -0.103449 -0.087359 0.051051 0.002355 -0.029610 -0.034447 -0.026281 -0.086458 0.027150 0.054632 0.001644 0.007924 -0.024288 -0.046334 -0.058331 -0.015159 0.065745 0.070899 
0.123232 0.018942 0.159923 0.044996 0.082529 -0.080475 -0.009109 -0.022232 -0.067411 -0.101359 0.041414 -0.009235 -0.015625 -0.045529 -0.059710 -0.098492 0.077928 0.045542 -0.027045 0.028043 -0.010673 -0.069677 -0.020501 0.048729 -0.016767 0.021681 
0.125056 0.030312 0.147198 0.045817 0.087057 -0.074586 -0.015210 -0.063999 -0.032962 -0.095330 0.040703 -0.019220 0.041547 -0.051553 -0.066447 -0.065226 0.091799 0.035019 -0.038993 0.035965 -0.003715 -0.073085 0.013983 0.095390 -0.063534 -0.020799 
0.117994 0.022449 0.111753 0.046017 0.081749 -0.051416 -0.019710 -0.089059 -0.010868 -0.059916 0.058648 -0.030141 0.115206 -0.057261 -0.044907 -0.001583 0.079651 0.025016 -0.036542 0.057077 0.013201 -0.032352 0.052404 0.123617 -0.083667 -0.052292 
0.096967 -0.002513 0.062076 0.035680 0.057507 -0.022022 -0.019468 -0.085568 -0.008495 -0.010552 0.077720 -0.026651 0.176632 -0.063330 -0.011043 0.061805 0.052831 0.017590 -0.043995 0.078101 0.051338 0.004883 0.082554 0.105174 -0.095821 -0.069346 
0.060734 -0.011620 0.022902 0.010288 0.019215 0.002569 -0.020037 -0.067827 -0.014840 0.014479 0.067801 -0.004049 0.208228 -0.076737 0.013442 0.083915 0.018088 0.014010 -0.071014 0.057696 0.086795 -0.018870 0.075969 0.025131 -0.086809 -0.057685 
0.028131 -0.003641 0.008905 -0.011001 -0.015167 0.002890 -0.017905 -0.026591 0.001642 0.025502 0.039561 0.012683 0.194136 -0.093628 0.039066 0.029841 0.003926 -0.006725 -0.093676 0.033973 0.100243 -0.041856 0.061634 -0.039929 -0.066247 -0.069247 
-0.001538 0.001229 -0.012645 -0.000064 -0.013841 -0.015666 -0.003081 0.014547 0.024063 0.017835 0.028159 -0.003098 0.164966 -0.088039 0.081297 -0.050307 -0.003593 -0.031272 -0.123445 0.037048 0.068163 0.005690 0.068231 -0.042776 -0.028188 -0.065674 
-0.032711 0.006029 -0.029636 0.012587 -0.009826 -0.034519 -0.006230 0.054623 0.038826 0.011827 0.018221 -0.027395 0.119947 -0.072549 0.121078 -0.125833 -0.007254 -0.057104 -0.128257 0.031195 0.027255 0.052450 0.078234 -0.031876 0.018627 -0.047808 
-0.062966 0.019917 -0.030007 -0.012731 -0.033475 -0.044229 -0.023949 0.095945 0.046999 0.008526 -0.000254 -0.003968 0.079999 -0.062106 0.152775 -0.178454 -0.007060 -0.053868 -0.095523 0.012551 -0.013925 0.010658 0.032095 -0.072655 0.042329 -0.035666 
-0.096834 0.017991 -0.056192 -0.037726 -0.058726 -0.025085 -0.053519 0.112489 0.037184 0.024020 -0.004067 0.031617 0.075003 -0.040535 0.144381 -0.139860 -0.012718 -0.030266 -0.022026 -0.030599 -0.043975 -0.025389 -0.036238 -0.084320 0.073321 -0.000191 
-0.113687 -0.006172 -0.096897 -0.046458 -0.076199 0.012698 -0.082657 0.111017 0.032187 0.078596 0.007902 0.034110 0.071045 -0.010551 0.121560 -0.045752 -0.007031 -0.041177 0.062304 -0.013757 -0.061218 -0.009134 -0.071912 -0.032434 0.097468 0.007301 
-0.120351 -0.015880 -0.131940 -0.039568 -0.080732 0.052211 -0.089327 0.078543 0.047664 0.109967 0.003759 0.025361 0.088121 0.009344 0.089273 0.041069 -0.012408 -0.057385 0.100906 0.003459 -0.045756 -0.006234 -0.060360 0.014149 0.102595 0.008077 
-0.120496 -0.010582 -0.141858 -0.035540 -0.083557 0.064866 -0.080757 0.034197 0.073680 0.111323 -0.021317 0.014389 0.086369 0.025687 0.056338 0.073078 -0.010014 -0.063352 0.092855 -0.000617 -0.029514 -0.036062 -0.039317 0.050368 0.073259 -0.012125 
-0.116689 -0.008129 -0.128316 -0.036031 -0.081586 0.043206 -0.070525 -0.000145 0.100315 0.093256 -0.048952 -0.004439 0.047124 0.041008 0.022991 0.052052 0.021535 -0.052853 0.061197 -0.003740 -0.027348 -0.064532 -0.027617 0.088683 0.026576 -0.037073 
-0.109421 -0.005487 -0.100627 -0.032814 -0.071297 0.002168 -0.052445 -0.029327 0.130330 0.060276 -0.062856 -0.028969 -0.001022 0.043096 -0.026402 0.013588 0.066578 -0.014520 0.008771 0.026513 -0.020732 -0.064287 -0.022986 0.117909 -0.013214 -0.019547 
-0.097191 0.010847 -0.064596 -0.035683 -0.071337 -0.038239 -0.016991 -0.064138 0.158153 0.032990 -0.061594 -0.037244 -0.041683 0.034782 -0.091178 -0.023728 0.096733 0.049237 -0.057519 0.091102 -0.015628 -0.038678 -0.029322 0.120654 -0.062982 0.032670 
-0.093622 0.018411 -0.051214 -0.052694 -0.080623 -0.048712 0.008699 -0.082531 0.154708 0.023495 -0.055470 -0.000824 -0.073004 0.045671 -0.118961 -0.074196 0.115715 0.105164 -0.075302 0.103665 -0.044680 0.004189 -0.019239 0.078817 -0.138416 0.053795 
0.028755 -0.035560 -0.014333 0.043453 0.037846 -0.001126 -0.087881 0.043447 0.044882 0.086664 -0.028571 -0.076179 -0.046866 -0.000294 0.013049 0.056936 0.021607 0.068398 -0.013650 0.041756 0.030433 0.033913 -0.010044 -0.056814 -0.006696 0.050362 
-0.031835 0.032961 0.019077 -0.052683 -0.046113 -0.018026 -0.018426 -0.085817 -0.062434 -0.089318 0.045752 0.078829 0.018255 0.019593 0.010523 -0.049355 -0.057612 -0.007273 0.025598 -0.046117 -0.053840 0.028542 0.004751 0.059357 -0.029962 -0.034661 
-0.047978 -0.005927 0.022503 0.019834 -0.063061 -0.017731 -0.063255 -0.058405 -0.021968 -0.000856 0.040384 -0.032991 -0.060659 0.140171 -0.014200 -0.050538 0.021486 0.064508 -0.024463 -0.116455 0.056323 0.020330 -0.050460 0.009719 -0.075934 0.055511 
-0.100213 -0.078888 -0.073499 0.148324 -0.014110 -0.029802 -0.065937 -0.116490 0.031362 -0.053562 0.003116 0.077000 -0.078400 0.152751 0.042747 0.022362 0.015728 0.095926 -0.062374 -0.153512 0.134346 0.078919 0.071958 0.062568 0.062935 -0.088834 
-0.094651 -0.087831 -0.074408 0.128799 -0.004406 -0.002514 -0.054922 -0.090362 0.011341 -0.056942 0.007216 0.046437 -0.063917 0.113358 0.004423 0.061870 -0.070540 0.048324 -0.109898 -0.057929 0.039907 0.082376 0.096527 0.021562 0.034648 -0.062653 
-0.087283 -0.090459 -0.046141 0.094573 -0.014515 0.005076 -0.040420 -0.059107 -0.021549 -0.086058 0.005586 0.055656 -0.076910 0.042189 -0.017153 0.049716 -0.171659 -0.062577 -0.112980 0.139556 -0.075739 0.050160 0.044055 -0.011024 -0.009944 0.050728 
-0.083875 -0.089567 -0.034037 0.073666 -0.024112 0.009007 -0.030915 -0.034710 -0.029255 -0.072750 0.015278 0.020493 -0.066689 0.001119 -0.025551 0.045611 -0.201073 -0.111991 -0.056786 0.223125 -0.129907 0.034043 0.000348 -0.001800 -0.038755 0.050881 
-0.089121 -0.090626 -0.054871 0.084668 -0.024826 0.012101 -0.057726 -0.080509 0.001437 -0.138038 -0.031407 0.075443 -0.105801 0.052628 -0.023289 0.019498 -0.175908 -0.085535 -0.123058 0.119596 -0.068795 -0.080391 -0.017272 -0.036111 0.025964 0.078861 
-0.084838 -0.081518 -0.052892 0.112166 -0.009670 -0.009955 -0.074624 -0.097626 0.032957 -0.097770 -0.044834 0.092347 -0.110849 0.103886 0.042875 0.007192 -0.064288 0.052745 -0.117679 -0.140607 0.059478 -0.080040 0.017364 0.006787 -0.012607 -0.042125 
-0.088856 -0.065808 -0.038160 0.117783 -0.039610 -0.022246 -0.079778 -0.125649 0.040452 -0.072505 -0.059279 0.108593 -0.125611 0.138169 0.063349 -0.045459 0.020679 0.110221 -0.056383 -0.210076 0.195983 -0.104918 -0.000535 -0.014279 -0.003967 -0.067428 
-0.043000 0.002881 0.021636 0.035638 -0.053058 0.013060 0.092803 0.003384 0.002258 0.049328 0.045968 -0.020990 0.078784 -0.000639 0.033334 -0.094564 0.089456 0.070663 0.071947 -0.061950 0.054622 0.030340 -0.027826 0.010989 -0.061066 0.053847 
-0.093319 -0.079602 -0.076184 0.166954 0.006362 -0.004756 0.095394 -0.033688 0.073397 -0.029223 0.013805 0.078446 0.151296 -0.062319 0.071227 -0.050825 0.199512 0.059952 0.130066 -0.079613 0.072754 0.100797 0.044199 0.036827 0.071167 -0.077816 
-0.090229 -0.090702 -0.079200 0.156971 0.014829 -0.000005 0.074190 -0.021949 0.061017 -0.037441 0.007279 0.054951 0.132309 -0.094513 0.005831 -0.002450 0.115289 0.006726 0.112928 0.044516 -0.023263 0.126235 0.056392 -0.020232 0.048497 -0.036727 
-0.084262 -0.090481 -0.041858 0.120996 -0.013341 0.004229 0.049820 -0.015684 0.005368 -0.070488 0.022478 0.037069 0.064395 -0.099761 -0.051303 -0.003929 -0.027159 -0.097770 0.073659 0.208245 -0.114947 0.068430 0.002491 -0.048884 0.014675 0.093937 
-0.082263 -0.085891 -0.029166 0.089684 -0.024811 0.004528 0.026140 -0.013724 -0.012739 -0.076915 0.022634 0.018448 0.015280 -0.083603 -0.053927 0.009350 -0.107040 -0.147286 0.067236 0.259456 -0.155588 0.029378 -0.043682 -0.035806 -0.042309 0.091908 
-0.086969 -0.094866 -0.051999 0.112333 -0.024795 0.002143 0.037589 -0.023730 0.042027 -0.119143 -0.008295 0.049303 0.053829 -0.108924 -0.061818 -0.029893 -0.035293 -0.104667 0.073920 0.182762 -0.123443 -0.067681 -0.056603 -0.079999 -0.007812 0.114641 
-0.086402 -0.086532 -0.061404 0.144186 0.002136 0.000132 0.069939 -0.025618 0.075327 -0.073178 -0.035316 0.084329 0.108875 -0.138143 0.023152 -0.063801 0.135896 -0.001773 0.128022 -0.069798 -0.018904 -0.048061 -0.019229 -0.040401 0.006818 -0.001989 
-0.089677 -0.069994 -0.052473 0.145026 -0.021688 -0.014297 0.096335 -0.048884 0.100938 -0.051492 -0.042947 0.102385 0.108812 -0.125523 0.093152 -0.108470 0.212241 0.067543 0.161372 -0.145479 0.084199 -0.050221 -0.014651 -0.042078 -0.006622 -0.042746 
-0.043915 -0.009310 0.026697 -0.046466 -0.069045 -0.000310 -0.037698 -0.004525 -0.075612 0.074680 0.047209 -0.031452 -0.012725 0.090313 -0.062177 -0.010690 0.021253 0.023801 -0.003299 -0.068239 0.036089 0.009869 -0.026978 -0.005375 -0.022132 0.049553 
-0.043502 -0.021255 0.036878 -0.057388 -0.060585 -0.003654 -0.040979 0.011188 -0.082128 0.058313 0.029531 -0.008854 -0.033456 0.057675 -0.036950 0.008345 -0.000377 -0.003402 0.003230 -0.000045 0.093829 -0.025349 -0.082080 0.089164 -0.074531 0.101277 
-0.043725 -0.027758 0.039427 -0.065548 -0.063484 0.005211 -0.039580 0.025901 -0.086947 0.048955 0.019054 0.003707 -0.042679 0.026180 -0.016287 0.032278 -0.003718 -0.012674 0.009257 0.036230 0.114054 -0.018583 -0.079298 0.114741 -0.093411 0.083089 
-0.038801 -0.025905 0.043151 -0.072743 -0.063737 0.004825 -0.037562 0.041313 -0.069875 0.037055 0.011266 0.013196 -0.048541 0.004000 -0.009658 0.032005 -0.032915 -0.011873 0.019591 0.050998 0.082954 -0.028021 -0.072528 0.083185 -0.110839 0.016255 
-0.039458 -0.027656 0.027416 -0.067298 -0.059933 -0.006325 -0.039235 0.035711 -0.052043 0.034608 0.008059 0.032323 -0.057322 -0.001951 -0.019936 0.031129 -0.048929 0.014869 0.012773 0.066739 0.042817 -0.020934 -0.011235 -0.011657 -0.059416 -0.035688 
-0.055593 -0.026442 0.015340 -0.049872 -0.077813 0.015858 -0.032776 0.048777 -0.058299 0.094816 0.046999 -0.064288 0.014636 0.069185 -0.130439 -0.017232 -0.052420 0.017723 -0.062612 -0.028714 -0.053271 0.038881 0.059237 -0.039273 0.111282 -0.072998 
-0.063216 -0.023302 0.007027 -0.035002 -0.079133 0.033719 -0.030221 0.025644 -0.069030 0.109419 0.060758 -0.110709 0.042103 0.104443 -0.178228 -0.035760 -0.023886 0.043666 -0.090836 -0.094930 -0.089946 0.063468 0.080783 -0.084271 0.157419 -0.049191 
-0.058235 -0.017032 0.012437 -0.031814 -0.081455 0.030555 -0.034306 0.006433 -0.073622 0.102560 0.068454 -0.102397 0.025994 0.123098 -0.149164 -0.027599 0.006350 0.045179 -0.073864 -0.090434 -0.054892 0.057307 0.053463 -0.060632 0.108369 -0.016466 
-0.037931 0.001932 0.040579 -0.039739 -0.060051 0.014290 0.069465 0.041211 -0.064053 0.084447 0.044215 -0.027944 0.069128 0.033606 -0.013505 -0.042012 0.032899 0.014215 0.008408 -0.032646 0.031518 -0.035942 -0.066326 0.053203 -0.078701 0.052666 
-0.039325 -0.010103 0.046405 -0.051812 -0.058417 0.018305 0.053181 0.050746 -0.076966 0.076266 0.033055 -0.002319 0.040036 0.008561 0.003697 -0.007067 0.019924 -0.015794 0.019696 0.013759 0.087813 -0.055617 -0.109737 0.128947 -0.107267 0.072867 
-0.041490 -0.017590 0.046623 -0.060296 -0.063448 0.024380 0.038974 0.064343 -0.077002 0.059488 0.028504 0.007303 0.019650 -0.010580 0.008575 0.005959 0.013813 -0.025954 0.023552 0.044562 0.103676 -0.049624 -0.115356 0.149273 -0.115029 0.053889 
-0.039528 -0.018999 0.045339 -0.063615 -0.062973 0.022726 0.026161 0.073560 -0.061485 0.051478 0.020873 -0.000352 0.008977 -0.013785 0.002762 -0.000784 -0.005212 -0.029399 0.035990 0.055969 0.077024 -0.061301 -0.103337 0.106581 -0.124911 -0.008225 
-0.036414 -0.020739 0.037008 -0.059706 -0.057665 0.003875 0.016205 0.065277 -0.044727 0.027888 0.009776 0.028004 -0.009052 -0.040706 0.017053 0.017688 -0.012261 -0.033052 0.065409 0.052234 0.039634 -0.064809 -0.073895 0.007781 -0.121751 -0.073562 
-0.055846 -0.020610 0.027147 -0.035955 -0.078865 0.030834 0.040004 0.070447 -0.059759 0.082534 0.037521 -0.061031 0.094019 0.010043 -0.078678 -0.048131 0.012176 0.024608 0.008641 -0.006916 -0.054261 0.016579 -0.004332 -0.005249 0.033600 -0.059233 
-0.060461 -0.018555 0.017988 -0.018393 -0.078831 0.048841 0.066105 0.064514 -0.060450 0.114203 0.067604 -0.120484 0.140993 0.029677 -0.126616 -0.086652 0.059943 0.051409 -0.029214 -0.050939 -0.103298 0.030174 0.034416 -0.028363 0.079534 -0.034254 
-0.054651 -0.010540 0.023645 -0.017634 -0.077206 0.043015 0.071624 0.051362 -0.057138 0.116404 0.069672 -0.115239 0.135888 0.030646 -0.099689 -0.070478 0.070934 0.062002 -0.029258 -0.047781 -0.055553 0.024536 0.037752 0.002996 0.051791 0.005816 
-0.046257 -0.018613 0.058132 -0.129432 0.080386 -0.051952 0.031163 -0.012755 0.043507 0.009700 -0.076084 -0.009376 -0.124842 -0.177424 0.050191 -0.045401 0.081174 -0.043306 -0.141028 -0.040117 -0.182254 0.014672 0.128066 0.025819 0.100375 -0.020805 
-0.041740 -0.020692 0.041090 -0.122958 -0.033826 0.016572 -0.013592 0.061853 -0.026603 -0.016482 -0.055117 0.066227 -0.102039 -0.102441 0.068154 0.069538 0.012089 0.004609 -0.008324 0.049590 0.033813 0.012058 -0.025624 -0.092294 -0.098171 -0.185798 
-0.036644 -0.015237 0.044938 -0.127833 -0.013004 -0.001097 -0.008965 0.050143 -0.014758 -0.004770 -0.048913 0.055467 -0.099974 -0.108077 0.062299 0.045561 0.020813 0.006852 -0.021754 0.012213 0.003500 -0.010765 0.008860 -0.060192 -0.061772 -0.115366 
-0.031548 -0.009781 0.048787 -0.132707 0.007817 -0.018766 -0.004337 0.038432 -0.002914 0.006942 -0.042710 0.044707 -0.097908 -0.113713 0.056444 0.021584 0.029537 0.009095 -0.035185 -0.025163 -0.026813 -0.033587 0.043345 -0.028090 -0.025374 -0.044935 
-0.026451 -0.004326 0.052636 -0.137582 0.028639 -0.036435 0.000291 0.026722 0.008930 0.018654 -0.036506 0.033947 -0.095843 -0.119349 0.050589 -0.002393 0.038262 0.011338 -0.048616 -0.062540 -0.057125 -0.056409 0.077829 0.004011 0.011025 0.025497 
-0.000482 -0.002845 0.038750 -0.124488 0.070725 -0.013971 0.016387 -0.004621 0.026364 -0.001120 -0.033104 0.007460 -0.049072 -0.067455 0.045719 0.040673 -0.000435 0.051857 0.022129 -0.058108 0.013921 -0.054415 0.096495 0.010483 0.021104 0.108959 
-0.017221 -0.006767 0.039930 -0.128015 0.087609 -0.047442 0.027057 -0.004820 0.046523 0.015507 -0.032689 -0.007516 -0.044886 -0.073300 0.046068 0.032055 0.005047 0.033181 -0.035844 -0.052301 -0.070184 -0.028087 0.080235 -0.007791 0.038927 0.094585 
-0.028026 -0.014422 0.046895 -0.129399 0.093643 -0.083559 0.021305 -0.012556 0.045533 0.039179 -0.043416 0.004742 -0.055305 -0.097161 0.023435 0.012027 0.012287 0.003573 -0.089836 -0.040466 -0.137304 -0.002872 0.068970 -0.009065 0.075769 0.046519 
-0.016965 -0.009045 0.043024 -0.121463 0.088934 -0.061811 -0.001254 -0.012714 0.054626 0.028745 -0.013346 -0.015934 -0.027933 -0.096243 0.046855 -0.001406 0.019860 -0.000058 -0.050645 -0.057140 -0.083898 -0.010115 0.063456 -0.022556 0.062503 0.054416 
0.001701 -0.004813 0.039228 -0.118420 0.074341 -0.022800 -0.014290 -0.011719 0.033472 0.021548 -0.012172 0.000655 -0.023525 -0.092699 0.062192 0.005393 0.045444 -0.007095 -0.024061 -0.066824 0.003789 -0.021600 0.070876 -0.014372 0.024659 0.057168 
-0.024300 -0.000048 0.057686 -0.132185 0.023600 -0.024545 0.010349 0.035833 0.013502 0.029716 -0.034085 0.046816 -0.075441 -0.120759 0.063423 -0.016326 0.039038 -0.001911 -0.048899 -0.046660 -0.052364 -0.055624 0.049236 0.003945 -0.006780 0.000990 
-0.035927 -0.013811 0.046622 -0.126034 -0.014684 0.002866 -0.005612 0.053180 -0.013235 -0.001083 -0.048106 0.059757 -0.093173 -0.108547 0.066577 0.040917 0.021072 0.002436 -0.021849 0.017507 0.005087 -0.010503 -0.000671 -0.060215 -0.067708 -0.123536 
-0.030113 -0.006929 0.052154 -0.129109 0.004458 -0.010839 0.002369 0.044507 0.000134 0.014317 -0.041095 0.053286 -0.084307 -0.114653 0.065000 0.012296 0.030055 0.000263 -0.035374 -0.014577 -0.023639 -0.033064 0.024283 -0.028135 -0.037244 -0.061273 
0.079008 -0.027004 -0.025260 -0.041536 0.048555 0.040016 0.055439 -0.012957 0.026278 -0.001713 -0.022570 -0.044291 0.017581 0.014012 0.012049 0.034360 -0.117045 0.137973 0.205469 -0.016291 0.063259 -0.120400 0.292806 0.149091 -0.024925 0.097438 
0.153672 -0.026304 -0.060940 0.002617 -0.080370 -0.031583 0.031756 0.008689 -0.043879 -0.037082 -0.098348 -0.038445 -0.000931 -0.001130 0.025362 0.031051 -0.009073 0.095362 0.041467 0.053894 0.019677 -0.028784 0.017635 0.068745 0.059440 -0.056923 
0.193079 -0.028842 -0.073835 0.009418 -0.141877 -0.057371 0.024405 0.011276 -0.052269 -0.055086 -0.115062 -0.053453 -0.012141 -0.021154 0.036163 0.035568 0.048930 0.066205 -0.016135 0.080524 -0.015204 -0.007726 -0.070072 0.038194 0.127410 -0.116286 
0.208281 -0.026311 -0.073814 0.013269 -0.159155 -0.064891 0.012355 0.006520 -0.055787 -0.059540 -0.116151 -0.056349 -0.012881 -0.021324 0.040811 0.031261 0.076508 0.023492 -0.052415 0.073879 -0.016234 0.012122 -0.119180 0.014408 0.132214 -0.111810 
0.200105 -0.028418 -0.071446 0.016251 -0.142803 -0.058036 -0.005175 -0.002967 -0.066205 -0.062201 -0.106051 -0.066352 -0.006713 -0.024670 0.018732 0.019674 0.080252 -0.048006 -0.072445 0.051117 0.002954 0.019323 -0.114014 0.031077 0.073748 -0.093458 
0.164223 -0.022548 -0.055145 0.011633 -0.090198 -0.047893 -0.029372 -0.013884 -0.070314 -0.047704 -0.078487 -0.061033 0.006596 -0.001857 -0.004373 0.002565 0.057135 -0.111189 -0.056090 0.004310 0.045136 0.004030 -0.049906 0.037494 -0.029287 -0.024989 
0.085772 -0.027279 -0.020306 -0.019351 0.015521 0.017414 -0.084660 -0.045724 -0.016494 -0.011026 0.008936 -0.059934 0.064195 -0.017928 0.004193 0.008173 0.031312 -0.178244 0.007820 -0.068230 0.107117 -0.042575 0.150275 0.040455 -0.054983 0.099431 
0.023124 -0.017161 0.012764 -0.078008 0.143308 -0.033830 -0.022513 -0.040061 0.062112 -0.032162 0.023123 -0.022460 0.100915 0.069476 -0.000263 0.018643 -0.039291 -0.093994 0.027075 -0.018001 0.041275 0.040990 -0.058829 -0.046023 0.023337 0.037824 
-0.002223 -0.003182 0.019034 -0.088801 0.194305 -0.061892 0.001065 -0.065844 0.104639 -0.013957 0.011223 -0.009687 0.116690 0.125814 -0.019495 0.017125 -0.052122 -0.049364 0.023130 0.009887 0.018546 0.051043 -0.128306 -0.071804 0.028299 -0.029229 
-0.009328 -0.006003 0.016759 -0.079662 0.209325 -0.072211 0.020897 -0.079254 0.119012 0.000455 0.009486 -0.018416 0.113244 0.122100 -0.035715 0.023264 -0.044984 -0.004350 0.031951 0.021554 0.026763 0.059503 -0.135923 -0.043991 0.014373 -0.064380 
-0.001233 -0.005724 0.017890 -0.096272 0.187446 -0.053504 0.023821 -0.064343 0.101500 -0.006284 -0.001834 0.016635 0.102543 0.126257 -0.013547 0.035342 -0.076706 0.029967 0.050963 0.020662 0.036081 0.046095 -0.114216 -0.062773 0.029159 -0.019786 
0.023848 -0.016071 0.005323 -0.087703 0.140964 -0.019614 0.025726 -0.031090 0.065972 -0.026725 -0.002561 0.010300 0.078773 0.086552 0.009948 0.037832 -0.097583 0.076350 0.095637 0.007478 0.067189 0.005850 0.012448 -0.030962 0.026051 0.051486 
0.129617 -0.014525 -0.059858 -0.000487 -0.034784 -0.031529 0.033767 0.002862 -0.013365 -0.034637 -0.107596 -0.053465 0.026905 0.028294 0.019977 -0.013982 -0.088149 0.090900 0.103167 -0.013789 0.024523 -0.039928 0.087522 0.071389 0.006877 0.054764 
0.161380 -0.005440 -0.081065 0.025288 -0.086434 -0.081263 0.020316 0.009911 -0.032482 -0.055321 -0.153741 -0.059113 0.033736 0.032321 0.023709 -0.049436 -0.060687 0.053375 0.034551 -0.020495 -0.005956 0.019572 -0.039491 0.026810 0.022606 0.032268 
0.174298 0.000251 -0.088880 0.035787 -0.106395 -0.109186 0.015085 0.008189 -0.031074 -0.063764 -0.161003 -0.061238 0.038074 0.026092 0.023247 -0.072003 -0.034659 0.025399 -0.000380 -0.036407 -0.028178 0.058098 -0.088231 0.015352 0.022261 0.029950 
0.163839 -0.004014 -0.081400 0.031981 -0.091649 -0.091933 -0.005118 0.005082 -0.037671 -0.067661 -0.143068 -0.068595 0.038370 0.022481 0.015082 -0.066134 -0.032155 -0.042686 -0.013385 -0.042744 -0.010270 0.039984 -0.074332 0.010490 -0.000291 0.048321 
0.134331 -0.013190 -0.058542 0.013602 -0.051011 -0.049733 -0.038366 -0.012889 -0.032811 -0.050082 -0.086422 -0.068161 0.047077 0.007808 0.008731 -0.039408 -0.010165 -0.110567 -0.010652 -0.053352 0.034829 0.006426 0.005170 0.018858 -0.026039 0.071481 
0.047678 -0.027085 0.001800 -0.059163 0.095795 -0.002188 -0.040384 -0.045774 0.035484 -0.027526 0.016257 -0.038572 0.072121 0.048924 -0.029313 0.021013 0.008346 -0.123387 0.014842 -0.014565 0.050530 0.031218 0.022761 -0.025826 -0.021622 0.032734 
0.023801 -0.025097 0.014840 -0.082336 0.146094 -0.016806 -0.007569 -0.050115 0.068492 -0.028438 0.021941 -0.023403 0.078826 0.086163 -0.047284 0.032277 -0.001072 -0.065737 0.023965 0.020403 0.021576 0.075351 -0.041086 -0.061490 -0.004198 -0.013739 
0.014141 -0.021316 0.018817 -0.088867 0.166418 -0.026441 0.013786 -0.058746 0.082532 -0.013762 0.025987 -0.014427 0.084312 0.093787 -0.049721 0.041966 0.003059 -0.005295 0.035190 0.036672 0.020255 0.089826 -0.041266 -0.066535 -0.002711 -0.039989 
0.026482 -0.025028 0.012121 -0.083677 0.146775 -0.011094 0.019917 -0.042842 0.072527 -0.020041 0.007795 -0.015251 0.076516 0.090385 -0.032784 0.043222 -0.031508 0.024789 0.054764 0.035124 0.031544 0.055999 -0.002776 -0.044498 0.004621 -0.017310 
0.048104 -0.026924 -0.002572 -0.067900 0.107487 0.011059 0.033801 -0.027579 0.053776 -0.016025 -0.008391 -0.025206 0.054273 0.063793 -0.012193 0.040686 -0.071543 0.072545 0.111524 0.017470 0.045878 -0.014077 0.108581 0.027377 -0.002784 0.028499 
0.025301 0.134195 0.116562 0.020189 -0.085430 -0.058828 -0.073970 -0.019845 0.023780 -0.009825 0.025099 0.010429 -0.046452 0.276515 0.173921 0.063440 0.146133 -0.100068 0.106329 0.099872 -0.144109 -0.038991 0.065889 -0.033143 0.006422 0.050016 
0.008911 0.147683 0.118198 0.041534 -0.069713 -0.047358 -0.082194 -0.034536 0.051508 -0.014571 0.004246 -0.009148 -0.034416 0.138173 0.083941 0.029381 0.108373 -0.008989 0.100431 0.056133 -0.099394 0.017741 0.043374 -0.031106 0.000890 0.054480 
-0.006823 0.164146 0.131519 0.074114 -0.050148 -0.026259 -0.092021 -0.038087 0.084157 -0.019330 -0.015579 -0.040093 -0.038680 -0.031455 -0.022451 -0.002092 0.040128 0.063432 0.096348 0.027797 -0.074922 0.092759 -0.017985 -0.022604 -0.014967 0.020214 
-0.017890 0.177565 0.139748 0.092300 -0.026535 0.003524 -0.103243 -0.030900 0.100385 -0.032044 -0.039313 -0.056070 -0.042612 -0.187206 -0.091576 -0.016124 -0.032085 0.101532 0.082438 0.004068 -0.066432 0.147418 -0.110650 0.024342 -0.003699 -0.027004 
-0.018076 0.157967 0.093465 0.085063 -0.006133 0.031125 -0.103033 -0.008030 0.081543 -0.013347 -0.032392 -0.025090 -0.020531 -0.212834 -0.082115 0.005319 -0.079419 0.091835 0.090656 -0.007252 -0.039521 0.099338 -0.121649 0.027350 0.005296 -0.030295 
-0.010722 0.115275 0.023830 0.070358 0.020180 0.056391 -0.098115 0.021372 0.036016 0.023254 -0.003138 0.022988 0.003450 -0.176335 -0.054391 0.027217 -0.094941 0.068023 0.102933 -0.008505 -0.004364 0.009218 -0.081241 0.014589 0.005316 -0.005543 
0.000221 0.074061 -0.040753 0.058919 0.055913 0.083779 -0.088864 0.037438 -0.017445 0.042841 0.034280 0.070747 0.020637 -0.133982 -0.039595 0.032626 -0.084654 0.060391 0.090327 -0.021146 0.011562 -0.084808 -0.026439 -0.011370 -0.001002 0.035243 
0.022879 0.042204 -0.089056 0.057396 0.087232 0.101327 -0.072068 0.046561 -0.055427 0.042683 0.082891 0.100852 0.017189 -0.087570 -0.023066 0.008250 -0.040461 0.069219 0.058691 -0.025842 -0.004946 -0.131379 0.024982 -0.046304 -0.028895 0.054708 
0.063720 0.013691 -0.115541 0.072270 0.102237 0.090275 -0.051937 0.066057 -0.069814 0.038909 0.140310 0.087761 -0.027914 -0.031917 -0.000202 -0.054251 0.041588 0.079833 0.026302 0.016646 -0.047999 -0.060892 0.052556 -0.051980 -0.082020 0.016007 
0.103368 -0.006789 -0.131034 0.089893 0.109016 0.064065 -0.034268 0.074876 -0.084859 0.021949 0.175631 0.052650 -0.089084 0.036765 0.012609 -0.112712 0.119626 0.082582 -0.019226 0.069830 -0.096110 0.067530 0.059096 -0.043302 -0.110737 -0.023520 
0.124452 -0.007779 -0.120717 0.087001 0.097812 0.064383 -0.024208 0.081737 -0.094213 0.018358 0.175153 0.049560 -0.147021 0.060551 0.015740 -0.153275 0.160364 0.058318 -0.054729 0.095208 -0.095961 0.130129 0.030682 -0.056138 -0.095401 -0.057291 
0.103667 -0.004336 -0.127128 0.094616 0.106516 0.078665 -0.010743 0.066985 -0.100643 0.032830 0.179089 0.052352 -0.110190 0.061400 0.003285 -0.083096 0.128084 -0.004879 -0.070341 0.040594 -0.059297 0.074248 0.028877 0.003293 -0.064284 -0.016863 
0.064940 0.015179 -0.110671 0.077867 0.102191 0.107291 -0.010066 0.051030 -0.095720 0.042920 0.143000 0.094806 -0.071142 0.006187 0.001491 -0.015408 0.044636 -0.059504 -0.058388 -0.020608 -0.000181 -0.073186 0.016827 0.005388 -0.006272 0.004944 
0.022910 0.046689 -0.089584 0.068910 0.086160 0.121602 -0.005199 0.029473 -0.071188 0.037845 0.083692 0.100639 -0.024129 -0.027173 -0.021903 0.043358 -0.043980 -0.088916 -0.073727 -0.078065 0.076466 -0.146307 -0.013895 0.013458 0.077557 0.035098 
-0.000073 0.076684 -0.051775 0.072340 0.055484 0.112118 0.011514 0.028474 -0.018562 0.038479 0.037085 0.048850 -0.015317 -0.043354 -0.028630 0.066774 -0.103539 -0.107590 -0.101618 -0.076308 0.114143 -0.106978 -0.056285 0.034000 0.115590 0.000881 
-0.012462 0.114368 -0.001963 0.083190 0.027430 0.092569 0.037568 0.013701 0.042307 0.010480 -0.002706 -0.017190 -0.016313 -0.063238 -0.041715 0.063450 -0.133640 -0.097465 -0.130319 -0.071200 0.112852 -0.036555 -0.077470 0.029375 0.101753 -0.040792 
-0.018801 0.149561 0.057010 0.095754 0.007663 0.065376 0.065097 -0.015704 0.095567 -0.025468 -0.029384 -0.079392 -0.019436 -0.093860 -0.070794 0.025568 -0.129206 -0.059427 -0.155341 -0.067802 0.090506 0.034887 -0.063579 0.008536 0.048532 -0.071416 
-0.016833 0.165294 0.093591 0.095465 -0.012507 0.034151 0.085398 -0.029800 0.118634 -0.032053 -0.030691 -0.102480 -0.014889 -0.074455 -0.065116 -0.004067 -0.083538 -0.031418 -0.143142 -0.044024 0.056964 0.057265 -0.009183 -0.012304 -0.003487 -0.076835 
-0.005487 0.162848 0.092404 0.074426 -0.038686 0.007740 0.098258 -0.015987 0.103492 -0.010258 -0.012047 -0.066186 0.006698 0.027215 0.020044 0.015003 -0.012221 -0.041114 -0.084711 0.004973 0.017259 0.002074 0.077775 -0.026759 -0.015463 -0.042876 
0.011688 0.156677 0.094512 0.048014 -0.064239 -0.013150 0.108915 0.009843 0.075707 0.012812 0.008847 -0.020074 0.027452 0.140310 0.148419 0.041507 0.049056 -0.068939 -0.032371 0.072590 -0.021322 -0.064244 0.152417 -0.021386 0.004286 0.000355 
0.026123 0.145775 0.108635 0.032266 -0.082504 -0.033379 0.108163 0.042260 0.050124 0.030246 0.030271 -0.001552 0.038018 0.235587 0.249391 0.052264 0.084556 -0.092226 0.006056 0.139363 -0.055500 -0.116306 0.157282 -0.002840 0.025773 0.021259 
-0.048306 -0.022333 0.026047 -0.053266 -0.069398 0.009985 -0.036545 0.023805 -0.070945 0.070051 0.036416 -0.033559 -0.013999 0.059118 -0.075355 0.001560 -0.016830 0.014661 -0.023220 -0.016049 0.021454 0.009580 -0.009830 0.010735 0.002093 0.009479 
-0.045706 -0.014401 0.035592 -0.043394 -0.067182 0.025783 0.047715 0.060182 -0.062697 0.076589 0.038903 -0.036508 0.062455 0.005933 -0.035800 -0.028935 0.024027 0.006004 0.012903 0.003530 0.015819 -0.024501 -0.050102 0.051896 -0.047842 0.001245 
0.015582 -0.063728 0.007571 -0.017262 -0.013088 -0.052274 0.088427 -0.018463 -0.110024 0.061367 0.027835 0.105995 -0.028540 -0.049554 0.056160 0.119095 -0.007162 -0.029963 0.045901 -0.055466 0.085828 0.274078 0.018534 0.003032 0.008412 0.033134 
0.036045 -0.040471 -0.010265 -0.066107 -0.013801 -0.046067 0.072553 0.035994 -0.027775 0.038554 0.021230 0.087837 0.012364 -0.016572 -0.016858 -0.001223 -0.006839 -0.058732 0.028713 -0.053742 -0.013783 0.161193 -0.022896 0.029880 -0.022706 0.059048 
0.037967 -0.034780 -0.031697 -0.058159 0.002655 -0.045057 0.046281 0.051658 0.036253 0.006587 -0.012558 0.100336 0.005835 0.014687 -0.034407 -0.033596 0.020792 -0.028462 -0.014915 -0.055008 -0.017576 0.084872 -0.025561 -0.008351 -0.002459 0.056253 
0.039001 -0.036900 -0.030689 -0.055186 -0.003537 -0.026672 0.019072 0.049374 0.067378 -0.054766 -0.058619 0.144581 -0.021801 0.043097 -0.051957 -0.026090 0.047783 0.010548 -0.065917 0.001200 0.030956 -0.012515 -0.026591 -0.108102 0.013691 0.077666 
0.041081 -0.028377 -0.022975 -0.073117 -0.025632 0.001137 -0.002773 0.060317 0.087597 -0.066947 -0.069167 0.124036 -0.003599 0.054562 -0.086951 -0.055340 0.037131 0.020471 -0.049889 0.005566 0.032064 -0.070128 -0.027501 -0.109126 -0.008536 0.079665 
0.053533 -0.014945 -0.017338 -0.083795 -0.022723 -0.018147 0.018466 0.074227 0.071437 -0.036159 -0.058733 0.151908 0.009215 0.043026 -0.077996 -0.058834 0.043259 0.023119 -0.029839 -0.054791 0.033341 -0.009176 -0.040815 -0.088012 -0.006844 0.061464 
0.050858 -0.019033 -0.011924 -0.080628 -0.013889 -0.033509 0.054307 0.070624 0.027370 -0.000432 -0.016709 0.113040 0.027476 0.012791 -0.072541 -0.057656 0.006723 -0.037725 0.015232 -0.046861 -0.030912 0.096476 -0.012556 -0.021072 -0.027077 0.077292 
0.050312 -0.031386 -0.001865 -0.072451 -0.002807 -0.041222 0.081982 0.060862 -0.041636 0.035084 0.033508 0.084483 0.032198 -0.019029 -0.038993 0.017229 -0.024042 -0.072861 0.029593 -0.023479 -0.067869 0.221590 0.007905 0.018250 -0.045591 0.082919 
0.006126 -0.073935 0.020384 -0.005104 -0.034922 -0.079289 -0.040758 -0.027138 -0.103462 0.078759 0.053205 0.118922 0.037254 -0.076977 0.024269 0.082157 -0.034996 0.030082 0.060778 0.073898 0.132364 0.122148 0.090400 0.084333 0.175541 -0.078238 
0.030341 -0.050162 -0.004338 -0.062690 -0.028616 -0.073516 -0.041723 0.014314 -0.030200 0.044045 0.019664 0.093195 0.021789 -0.008456 -0.068546 -0.000739 -0.025997 -0.017700 -0.001537 0.051808 0.047754 0.021652 0.067867 0.092853 0.076833 -0.080572 
0.033765 -0.041407 -0.030610 -0.055525 -0.005448 -0.066349 -0.036901 0.034217 0.034877 0.000133 -0.018243 0.094365 0.023372 0.008672 -0.101059 -0.036277 0.025570 -0.015076 -0.029083 0.044078 0.021584 -0.028663 0.044061 0.031557 0.067185 -0.054333 
0.031573 -0.038643 -0.025308 -0.044710 -0.019129 -0.043384 -0.029677 0.044674 0.069871 -0.051053 -0.050858 0.123027 0.028452 0.018051 -0.120567 -0.056099 0.072376 0.022622 -0.025532 0.086965 0.045575 -0.081414 0.014971 -0.089428 0.091491 0.037147 
0.038543 -0.024080 -0.018793 -0.070532 -0.029795 -0.006305 -0.034669 0.069170 0.086212 -0.069908 -0.066350 0.124559 0.027028 0.043654 -0.116552 -0.078023 0.051729 0.037934 -0.030791 0.047688 0.039512 -0.115636 0.002495 -0.094136 0.019110 0.058870 
0.047564 -0.020193 -0.012800 -0.077974 -0.030373 -0.031575 -0.040261 0.073261 0.068740 -0.037170 -0.058160 0.143953 0.033821 0.035920 -0.115631 -0.075616 0.039743 0.030603 -0.021790 0.021478 0.053012 -0.086410 0.017887 -0.064217 0.050997 -0.003915 
0.046674 -0.026124 -0.008419 -0.076831 -0.025952 -0.050683 -0.047238 0.058378 0.024134 0.004168 -0.017337 0.114882 0.028877 0.033638 -0.118752 -0.047093 -0.023612 0.003148 -0.031866 0.054048 0.030010 -0.016388 0.056462 0.014270 0.059371 -0.019720 
0.044010 -0.036857 0.008336 -0.069967 -0.024301 -0.065562 -0.053406 0.041368 -0.041657 0.058823 0.036626 0.103694 0.032322 0.013047 -0.088534 0.004548 -0.084963 -0.004238 -0.024498 0.101034 0.017486 0.063550 0.074848 0.082084 0.072798 -0.027832 
0.006487 -0.074683 -0.016706 0.000510 0.004156 -0.047044 0.063383 -0.073594 -0.052096 0.061583 0.055023 -0.026926 -0.085914 -0.035208 0.113739 0.063535 -0.029121 0.004156 0.024667 -0.035004 0.065177 0.163151 -0.050397 0.015318 -0.020844 0.045954 
0.005653 -0.074842 -0.027296 0.001337 0.011208 -0.037273 0.056311 -0.071802 -0.017692 0.056143 0.066292 -0.093950 -0.063106 -0.023978 0.072733 0.015997 -0.043869 -0.000205 0.006167 -0.055127 0.001792 0.094970 -0.023956 0.047131 -0.030855 0.058541 
0.007708 -0.076234 -0.036411 -0.003959 0.018280 -0.038482 0.048418 -0.063945 0.011394 0.054419 0.059780 -0.120796 -0.053986 -0.021510 0.035334 -0.020392 -0.042120 -0.009402 -0.012774 -0.053574 -0.031275 0.014443 -0.028788 0.038322 -0.038181 0.049053 
0.007077 -0.070071 -0.039361 -0.002184 0.018835 -0.033199 0.039447 -0.059980 0.031996 0.029977 0.057932 -0.116140 -0.047814 -0.024624 0.020102 -0.039345 -0.039128 -0.018897 -0.025372 -0.048378 -0.053854 -0.046491 -0.044708 0.033708 -0.049693 0.032008 
0.004081 -0.061019 -0.038704 0.006918 0.026716 -0.033323 0.030785 -0.055716 0.053748 -0.018136 0.046715 -0.102905 -0.031689 -0.004001 0.032695 -0.055887 -0.055711 -0.031136 -0.035038 -0.061998 -0.092625 -0.121840 -0.080815 0.043158 -0.117369 -0.004902 
0.005643 -0.078675 -0.047291 0.023049 0.031323 -0.069508 0.032017 -0.056163 0.059722 0.019723 0.013581 -0.062636 -0.062253 -0.003332 0.082366 -0.034266 -0.052654 0.006374 -0.009341 -0.043026 -0.060102 -0.023239 -0.070455 -0.057769 -0.089252 -0.048754 
0.013773 -0.069141 -0.036912 -0.001513 0.022850 -0.066257 0.054304 -0.060943 0.033784 0.044515 0.042129 -0.073964 -0.075540 -0.000237 0.086729 -0.022763 -0.045754 0.008100 -0.011859 -0.081665 -0.040392 0.020519 -0.081316 -0.049347 -0.073470 -0.063443 
0.012489 -0.073037 -0.027024 0.000136 0.013821 -0.061331 0.063900 -0.064538 0.002719 0.048139 0.049626 -0.052801 -0.079151 -0.014376 0.095617 0.007182 -0.033313 0.014960 0.002706 -0.074683 0.001114 0.073393 -0.073211 -0.038524 -0.040997 -0.027610 
0.000676 -0.081009 -0.012086 0.011216 -0.003844 -0.055526 -0.017089 -0.068583 -0.050602 0.051172 0.072519 -0.034509 -0.015581 -0.084657 0.033121 0.029216 -0.010835 0.007806 0.070680 0.053605 0.075853 0.061902 0.030697 0.051352 0.103751 -0.056464 
0.001591 -0.080242 -0.027689 0.001486 0.003284 -0.049383 -0.010551 -0.068936 -0.011087 0.055086 0.074108 -0.098485 -0.012877 -0.065410 -0.011526 -0.009041 -0.001408 -0.027915 0.053545 0.022709 0.000599 -0.011031 0.039091 0.078617 0.064687 -0.029083 
0.003904 -0.084070 -0.037836 -0.003288 0.010844 -0.050492 -0.004185 -0.062352 0.013190 0.054407 0.061602 -0.128438 -0.008775 -0.050253 -0.031117 -0.030035 -0.006227 -0.042609 0.030312 0.027825 -0.037738 -0.080519 0.022912 0.062335 0.026529 -0.021506 
0.003813 -0.078458 -0.042980 -0.005016 0.016136 -0.043672 -0.007645 -0.057451 0.023315 0.036307 0.051557 -0.119091 -0.005606 -0.044736 -0.034584 -0.040797 -0.010624 -0.031863 0.014614 0.027581 -0.046393 -0.134579 0.013015 0.056827 0.008063 -0.013497 
-0.000774 -0.060501 -0.046856 -0.005316 0.028128 -0.034450 -0.014781 -0.051329 0.042753 -0.021234 0.037172 -0.088543 0.011879 -0.034415 -0.016671 -0.069184 -0.009663 -0.002257 -0.023252 -0.004671 -0.087958 -0.234976 -0.009432 0.072694 -0.013057 0.021643 
0.005055 -0.078036 -0.051915 0.006200 0.034454 -0.085421 0.000090 -0.058011 0.052204 0.018775 0.019959 -0.069775 -0.015821 -0.030941 0.016882 -0.040015 -0.019498 -0.037410 0.013610 0.008361 -0.070024 -0.170236 -0.008019 -0.002771 -0.002972 -0.035852 
0.013793 -0.074544 -0.038337 -0.005789 0.021264 -0.080394 -0.007308 -0.067598 0.025661 0.032122 0.043217 -0.078893 -0.039811 -0.035862 0.009422 -0.029855 0.003155 0.015916 0.013526 0.004968 -0.019554 -0.109057 -0.018317 -0.015375 0.004766 -0.127581 
0.008254 -0.082573 -0.028557 0.002392 0.008564 -0.074955 -0.014861 -0.069440 0.000708 0.041138 0.045311 -0.047978 -0.040989 -0.048640 0.016560 -0.021711 0.000700 0.026964 0.037545 0.035134 0.021352 -0.061751 -0.006669 -0.012163 0.052596 -0.123731 
0.013423 0.020185 -0.036501 -0.113782 -0.063033 0.266189 -0.033690 -0.003110 -0.034172 -0.136191 -0.054472 -0.085434 0.020022 -0.012957 0.064990 0.079464 0.011609 0.023848 0.035837 0.012624 0.041663 0.083098 -0.061988 -0.152257 -0.077572 -0.174073 
0.038636 -0.004458 -0.044858 -0.102737 -0.026162 0.193126 -0.038552 0.043209 0.012517 -0.139339 -0.005583 -0.077381 0.028040 0.033988 0.033124 -0.025610 -0.029803 0.026407 0.069484 0.000123 0.061330 -0.037633 -0.026789 -0.114670 -0.184758 -0.126749 
0.024750 -0.005627 -0.043523 -0.084736 -0.023463 0.178946 -0.040766 0.025546 0.007151 -0.125776 -0.002969 -0.076159 0.033463 0.022191 0.042822 -0.008601 -0.021617 0.025880 0.038049 0.004209 0.041942 -0.007126 -0.004980 -0.075618 -0.110427 -0.041461 
0.010863 -0.006797 -0.042189 -0.066736 -0.020764 0.164767 -0.042981 0.007883 0.001785 -0.112213 -0.000355 -0.074937 0.038887 0.010394 0.052519 0.008407 -0.013430 0.025352 0.006615 0.008294 0.022555 0.023381 0.016830 -0.036565 -0.036096 0.043826 
-0.003023 -0.007966 -0.040854 -0.048735 -0.018064 0.150587 -0.045195 -0.009780 -0.003581 -0.098650 0.002259 -0.073715 0.044311 -0.001404 0.062216 0.025416 -0.005244 0.024825 -0.024820 0.012380 0.003167 0.053888 0.038640 0.002487 0.038235 0.129114 
-0.031349 0.024627 -0.035936 -0.010323 0.027977 0.099885 -0.073701 -0.020377 -0.010071 -0.098504 -0.004411 -0.063348 0.018398 -0.022183 0.077000 -0.002856 0.064076 -0.005180 -0.064260 0.013043 0.028744 0.063854 0.060739 0.111588 0.117576 0.187072 
-0.024049 0.049037 -0.027384 -0.050045 0.004978 0.132193 -0.061578 -0.017395 -0.022603 -0.102498 -0.018277 -0.067345 -0.010297 -0.031090 0.084077 -0.001686 0.045985 0.011897 -0.044531 0.000796 -0.010782 0.074510 0.035822 0.079240 0.074331 0.085914 
-0.018143 0.062968 -0.020247 -0.066443 -0.001807 0.153876 -0.020941 -0.029792 -0.012256 -0.102028 -0.038456 -0.079657 -0.019792 -0.010652 0.075487 0.011793 0.017912 0.030623 -0.018154 -0.027270 -0.059555 0.074130 0.031756 0.039368 0.063167 0.028753 
-0.019200 0.057235 -0.022569 -0.042998 0.007985 0.145844 0.011161 -0.015537 -0.008716 -0.098102 -0.043922 -0.048777 -0.052385 -0.029919 0.049371 0.030795 0.057974 0.041497 -0.009014 0.002429 -0.045329 0.049077 0.066135 0.084842 0.064140 0.049888 
-0.021693 0.039965 -0.032354 -0.018680 0.031346 0.120679 0.027136 -0.005315 -0.008287 -0.085790 -0.022827 -0.045001 -0.030413 -0.022794 0.037509 0.038061 0.076072 0.014564 0.010736 -0.001317 -0.009630 0.029525 0.097146 0.153562 0.154543 0.139756 
0.004334 -0.008812 -0.037248 -0.041133 0.001153 0.147071 -0.002929 -0.011998 -0.008549 -0.087304 0.000475 -0.067253 0.025603 -0.012282 0.025799 0.042862 0.018303 -0.007362 0.031132 0.003523 -0.024700 0.014356 0.068233 0.025684 0.065595 0.096890 
0.027202 -0.005909 -0.042321 -0.082202 -0.017057 0.177774 -0.026678 0.024807 0.005495 -0.121994 -0.003564 -0.074005 0.027227 0.018565 0.030683 -0.002786 -0.013768 0.015151 0.056700 0.001257 0.032653 -0.020303 0.004885 -0.067885 -0.101307 -0.052202 
0.015768 -0.007360 -0.039785 -0.061667 -0.007952 0.162423 -0.014804 0.006404 -0.001527 -0.104649 -0.001544 -0.070629 0.026415 0.003141 0.028241 0.020038 0.002267 0.003895 0.043916 0.002390 0.003976 -0.002974 0.036559 -0.021101 -0.017856 0.022344 
-0.066180 0.123569 -0.045339 0.042330 0.041374 -0.167540 -0.126942 0.080006 -0.039945 -0.116527 0.055512 0.003825 0.033596 -0.051918 -0.029846 0.046134 0.093055 -0.119508 -0.121294 -0.077849 0.126648 0.077290 -0.046488 0.017259 0.023797 0.143474 
-0.010317 0.135581 -0.055544 0.045730 -0.023027 -0.107630 -0.087503 -0.004634 -0.053364 0.056327 -0.037359 -0.017057 0.065814 -0.019381 -0.033914 0.021678 -0.025491 -0.108138 -0.025858 -0.045723 0.056446 -0.007903 0.057352 -0.092642 -0.063102 0.061891 
0.009822 0.118827 -0.047736 0.042362 -0.044527 -0.060785 -0.034458 -0.050163 -0.049374 0.120789 -0.085781 0.014646 0.055122 -0.020198 -0.022927 0.002902 -0.059059 -0.049030 0.013081 -0.022715 0.011286 -0.006418 0.079108 -0.113637 -0.046048 0.014991 
0.016340 0.113963 -0.050584 0.042533 -0.051769 -0.041934 0.000551 -0.057253 -0.043322 0.134603 -0.108135 0.033572 0.044092 -0.012754 -0.011123 -0.014801 -0.080696 -0.009575 0.036138 -0.025870 -0.013876 -0.009606 0.069072 -0.112830 -0.030821 0.006948 
0.016974 0.119442 -0.054705 0.043826 -0.043528 -0.041719 0.043246 -0.036998 -0.034625 0.120552 -0.106341 0.035691 0.017071 -0.005720 -0.027556 -0.007262 -0.079123 0.013431 0.045262 -0.016670 -0.040385 -0.007869 0.057875 -0.095124 -0.046792 0.014045 
-0.000790 0.137136 -0.066693 0.045191 -0.017789 -0.070720 0.093554 0.030752 -0.018547 0.064218 -0.071222 0.035558 -0.015977 0.024621 -0.029820 0.018515 -0.091415 0.075862 0.060754 -0.014743 -0.055279 -0.015540 0.024170 -0.046416 -0.063217 0.036867 
-0.053144 0.135425 -0.064827 0.032977 0.056947 -0.113632 0.152805 0.136815 -0.001118 -0.067195 -0.002301 0.062482 -0.049353 0.012174 0.005452 0.043007 -0.032137 0.188296 0.037015 -0.015468 -0.027239 0.019486 -0.098111 0.105722 0.004094 0.072943 
-0.062175 0.129070 -0.051883 -0.013436 0.071593 -0.007552 0.105021 0.035533 -0.024353 -0.024846 -0.007790 0.029980 -0.050883 0.047882 -0.002372 0.015527 0.041373 0.119564 0.020458 0.058666 -0.039965 -0.028110 -0.077620 0.096137 0.099830 -0.053833 
-0.055432 0.111200 -0.029534 -0.025926 0.064195 0.040172 0.047518 -0.011732 -0.028801 0.004112 -0.024777 0.014010 -0.040053 0.036580 0.012787 -0.026466 0.056898 0.053045 -0.018689 0.075645 -0.041648 -0.005257 -0.076074 0.092939 0.103602 -0.079057 
-0.062386 0.109059 -0.026018 -0.029170 0.074262 0.028893 -0.002854 -0.046239 -0.031173 0.014990 -0.017223 0.003031 -0.018253 0.037367 0.023180 -0.044117 0.055265 0.004683 -0.048203 0.075181 -0.016727 -0.000863 -0.113251 0.064211 0.096446 -0.070232 
-0.061091 0.100010 -0.029160 -0.028114 0.054430 0.017481 -0.057066 -0.020958 -0.043702 -0.008505 0.000548 -0.016564 0.002126 0.014374 0.025718 -0.028394 0.074376 -0.031655 -0.064845 0.049279 0.011697 0.012328 -0.074606 0.060021 0.080204 -0.037887 
-0.072878 0.112624 -0.044785 -0.009870 0.058576 -0.047923 -0.105051 0.006417 -0.055008 -0.052569 0.031721 -0.017627 0.027817 -0.006036 0.016257 -0.009910 0.100114 -0.073414 -0.097724 0.019370 0.059563 0.007171 -0.056092 0.046756 0.060681 0.017013 
-0.023332 0.135329 -0.062372 0.049333 0.015133 -0.111524 -0.092201 0.010547 -0.059649 0.004384 -0.017529 -0.017715 0.033836 -0.029119 -0.026986 -0.003610 -0.007633 -0.095976 -0.009535 -0.051637 0.063222 0.007565 0.053001 -0.032841 -0.069305 0.068836 
0.000705 0.138023 -0.070133 0.050867 0.006349 -0.064597 -0.051207 -0.035831 -0.066814 0.078375 -0.065271 -0.022307 0.024828 -0.017093 -0.018253 -0.041164 -0.064750 -0.066994 0.050299 -0.034298 0.015749 -0.022797 0.111505 -0.058884 -0.117365 0.014528 
0.005932 0.131653 -0.068620 0.046934 0.015024 -0.026759 -0.003960 -0.059127 -0.061442 0.105446 -0.087714 -0.009949 0.006572 -0.015839 -0.003649 -0.066530 -0.078296 -0.032561 0.058210 -0.025833 -0.015771 -0.013798 0.129021 -0.060869 -0.120384 -0.019448 
0.003923 0.140338 -0.075592 0.048455 0.015440 -0.039892 0.044689 -0.016199 -0.053696 0.086717 -0.075820 0.010335 -0.010692 -0.005292 -0.001982 -0.044437 -0.083574 0.009343 0.066610 -0.012852 -0.022093 -0.021126 0.105076 -0.049658 -0.112859 0.003977 
-0.015769 0.141596 -0.074328 0.043803 0.029414 -0.068850 0.096944 0.049115 -0.033588 0.029170 -0.047350 0.034478 -0.029334 0.004046 0.001052 -0.007925 -0.068188 0.082962 0.059545 -0.009397 -0.025916 -0.010031 0.029366 0.005872 -0.071367 0.034774 
-0.049538 0.125265 -0.051065 0.010078 0.080124 -0.038439 0.100203 0.044367 -0.028201 -0.004713 -0.001035 0.034832 -0.039508 0.047486 -0.010021 0.035295 0.015771 0.101255 0.051077 0.055363 -0.023149 -0.020550 -0.083221 0.065662 0.035459 -0.048916 
-0.047865 0.116434 -0.038222 -0.006935 0.094731 0.006935 0.049395 -0.024077 -0.040622 0.037237 -0.000353 0.010538 -0.022509 0.057760 -0.017974 0.014851 0.048239 0.033842 0.037949 0.098925 -0.014040 -0.040009 -0.076876 0.033345 0.036812 -0.134431 
-0.048125 0.108932 -0.026299 -0.018064 0.100769 0.022489 0.000379 -0.068517 -0.038379 0.058654 -0.000254 -0.010401 0.001644 0.042996 -0.018407 -0.018323 0.065267 -0.013944 -0.002368 0.115218 0.000090 -0.038892 -0.079076 0.008770 0.008153 -0.183603 
-0.052537 0.112576 -0.037047 -0.007556 0.085895 -0.016772 -0.047393 -0.037191 -0.048744 0.026426 0.016949 -0.018030 0.027737 0.028140 -0.007395 -0.003299 0.070407 -0.053196 -0.031942 0.095261 0.052781 -0.027021 -0.052467 0.020734 0.007608 -0.109555 
-0.058555 0.117455 -0.043393 0.012575 0.066097 -0.080115 -0.089833 0.012317 -0.049266 -0.031968 0.035537 -0.013288 0.038387 -0.003498 -0.011209 0.018187 0.079670 -0.088385 -0.071584 0.030905 0.094967 0.011706 -0.041605 0.023563 0.012823 -0.000529 
-0.044185 -0.086169 0.096888 0.085697 0.027806 -0.022762 0.082840 -0.008548 -0.096319 0.026501 -0.116135 0.072181 0.002456 0.064018 0.053226 0.233824 0.049094 -0.012767 -0.082633 0.042190 -0.063079 -0.004432 0.098492 -0.077982 -0.031237 -0.088810 
-0.061789 -0.087553 0.103312 0.084908 0.022319 0.017477 0.070842 0.002250 -0.100450 0.012004 -0.131854 0.051656 0.012835 0.034782 -0.022890 0.175345 0.046404 0.043542 -0.086599 0.000089 -0.047370 -0.018381 0.067534 -0.061895 -0.058180 -0.072497 
-0.067920 -0.090523 0.110739 0.084323 0.031629 0.059884 0.065626 0.013650 -0.099569 -0.013664 -0.128672 0.014403 0.026231 0.009986 -0.112403 0.089682 0.041179 0.065666 -0.068292 -0.009532 -0.013905 -0.025547 0.038454 -0.050470 -0.048633 -0.028834 
-0.068791 -0.093328 0.131229 0.089130 0.047432 0.081444 0.047732 0.046566 -0.091123 -0.038745 -0.128047 -0.022742 0.015792 -0.003011 -0.148781 -0.004361 0.026110 0.041275 -0.030270 0.021165 0.020080 -0.044222 0.058917 0.002452 -0.017922 -0.042605 
-0.055815 -0.083017 0.145257 0.087139 0.033973 0.069810 0.025739 0.077476 -0.030570 -0.035957 -0.093259 -0.047703 -0.023975 0.021051 -0.130745 -0.079172 -0.013420 -0.015452 0.034172 0.054152 0.066008 -0.050374 0.081292 0.044206 0.016228 -0.065956 
-0.033284 -0.066605 0.150047 0.080231 0.006407 0.040493 0.004164 0.094536 0.043621 -0.020905 -0.032702 -0.056883 -0.072524 0.043235 -0.080700 -0.123435 -0.047151 -0.067738 0.093599 0.072345 0.103042 -0.032047 0.101741 0.071210 0.053292 -0.079187 
-0.005134 -0.044032 0.141861 0.069086 -0.028899 0.014620 -0.017926 0.091546 0.098087 -0.006004 0.039696 -0.038871 -0.107575 0.035588 -0.025749 -0.109472 -0.061528 -0.081130 0.133645 0.058438 0.109460 -0.010747 0.114272 0.064013 0.069554 -0.080818 
0.030310 -0.015709 0.115007 0.051930 -0.073593 0.009913 -0.031271 0.057138 0.128310 0.009468 0.102858 0.003847 -0.104927 0.008380 -0.001522 -0.031070 -0.055330 -0.049959 0.132685 0.012484 0.077096 -0.016324 0.093999 0.020667 0.057753 -0.060642 
0.077343 0.006284 0.075789 0.032268 -0.119197 0.034669 -0.022063 -0.012469 0.142005 0.025532 0.137185 0.048366 -0.049703 -0.016408 -0.030717 0.077079 -0.024513 -0.000106 0.064858 -0.035511 0.009561 -0.047369 0.033538 -0.011594 0.045066 -0.016445 
0.132812 0.013424 0.042489 0.018677 -0.156864 0.074494 0.002380 -0.089874 0.155510 0.038611 0.162468 0.082507 0.032383 -0.029550 -0.081428 0.178460 0.015810 0.035312 -0.033296 -0.059807 -0.071673 -0.065794 -0.029361 -0.002555 0.035581 0.023000 
0.159803 0.010410 0.022496 0.018077 -0.158837 0.093313 0.022252 -0.124991 0.157198 0.038143 0.189312 0.107623 0.085021 -0.032847 -0.089724 0.220940 0.042679 0.040797 -0.101237 -0.067949 -0.120498 -0.052637 -0.052090 0.013108 0.000653 0.050002 
0.137791 0.020008 0.045595 0.011533 -0.155627 0.065006 0.023276 -0.072277 0.150708 0.033934 0.174862 0.110844 0.040548 -0.033762 -0.034878 0.134651 0.035790 0.031162 -0.091613 -0.047259 -0.091951 -0.019600 -0.071922 -0.044155 -0.024405 0.022541 
0.079892 0.016497 0.082152 0.025248 -0.118648 0.020652 0.021856 0.022305 0.144211 0.028661 0.154342 0.083748 -0.033527 -0.012185 0.049490 0.008050 -0.011488 -0.015098 -0.026403 -0.027853 -0.005487 0.040701 -0.049505 -0.071333 -0.037069 -0.007252 
0.033067 -0.006396 0.124904 0.045391 -0.076684 -0.007829 0.010101 0.089293 0.138054 0.019746 0.125250 0.034503 -0.083787 0.013512 0.103008 -0.102166 -0.045767 -0.062569 0.020113 0.006086 0.067807 0.087786 -0.018385 -0.044831 -0.023250 -0.017572 
-0.005183 -0.036493 0.156346 0.061544 -0.038668 -0.011985 -0.016388 0.110775 0.109977 0.003446 0.063423 -0.016388 -0.079245 0.042174 0.110220 -0.176673 -0.056287 -0.067929 0.019504 0.020955 0.086671 0.083539 -0.025418 -0.009599 0.013281 0.006819 
-0.035272 -0.060675 0.169782 0.071373 -0.009829 0.001513 -0.044462 0.098615 0.055334 -0.013688 -0.008309 -0.045427 -0.027471 0.049944 0.087631 -0.187164 -0.038535 -0.033723 -0.006911 -0.000062 0.054679 0.048680 -0.059415 -0.000469 0.007445 0.050534 
-0.059111 -0.076101 0.163439 0.079819 0.018615 0.020276 -0.061838 0.064285 -0.017436 -0.023095 -0.063494 -0.043489 0.056133 0.025892 0.036704 -0.124608 0.005902 0.024558 -0.040150 -0.043903 -0.009703 0.007877 -0.091749 -0.007715 -0.015859 0.106861 
-0.072546 -0.082108 0.147832 0.081666 0.034976 0.030908 -0.064729 0.030017 -0.074960 -0.017826 -0.087934 -0.018634 0.122119 0.002447 -0.009669 -0.030353 0.046528 0.070812 -0.055050 -0.080587 -0.073098 -0.025933 -0.110480 -0.011944 -0.038740 0.139963 
-0.072851 -0.079800 0.134245 0.075591 0.026847 0.020618 -0.062117 0.012678 -0.095726 0.001112 -0.086188 0.008764 0.135823 0.009056 0.009516 0.055673 0.055465 0.070945 -0.041531 -0.088952 -0.109293 -0.044073 -0.099941 -0.005823 -0.066853 0.100753 
-0.065467 -0.076034 0.121934 0.076786 0.015964 -0.014720 -0.066045 0.004776 -0.099711 0.023458 -0.073542 0.021358 0.126833 0.031043 0.103819 0.135658 0.041771 0.032623 -0.023709 -0.063219 -0.122899 -0.039338 -0.050117 0.011008 -0.066466 0.003385 
-0.049371 -0.074875 0.114491 0.082464 0.018109 -0.053973 -0.067235 0.004599 -0.096902 0.040892 -0.051049 0.025436 0.114349 0.061976 0.183080 0.182045 0.014960 -0.003196 -0.009944 -0.002239 -0.126405 -0.018522 -0.033247 0.029170 -0.026935 -0.055581 
0.007864 -0.072213 -0.033713 0.003037 0.018399 -0.048302 0.048570 -0.063335 0.015447 0.037045 0.048885 -0.081265 -0.062432 -0.015908 0.067414 -0.010742 -0.042709 -0.003256 -0.007605 -0.056682 -0.026271 0.021863 -0.056706 0.004000 -0.057583 0.005106 
0.004539 -0.077429 -0.035782 0.000236 0.014854 -0.059287 -0.009541 -0.062963 0.012018 0.033472 0.050680 -0.083214 -0.015947 -0.049364 -0.002239 -0.026428 -0.006800 -0.011421 0.026323 0.021939 -0.020483 -0.092531 0.007910 0.036439 0.030546 -0.048259 
# The variances of the components (eigenvalues) of identity or combined identity and expression model
1
26
5
231.254186 187.936443 121.355915 86.777260 64.683307 55.002474 52.844993 44.572665 39.687927 32.097856 31.694193 23.201419 20.540852 17.326629 16.829834 14.811861 14.420366 11.884998 11.673163 10.513816 9.666247 8.910923 7.691987 7.058015 6.946028 6.386729 
