# The mean values of the components (in mm)
246
1
5
-58.963137
-48.924277
-37.407966
-24.580797
-14.341446
-25.701372
-39.542444
-50.470579
58.782406
48.946097
37.276381
24.290375
14.190203
25.383909
39.344571
50.489026
-44.561705
-40.161445
-33.271560
-25.076253
-18.669301
-25.519545
-34.326742
-40.691313
44.186333
39.306327
31.938915
24.863853
17.774791
25.065359
34.015124
40.571432
0.414785
0.191917
-8.536839
-14.924474
-16.870673
-8.398762
0.19189600
8.661691
16.286202
15.661447
8.892694
-26.107529
-16.03013
-8.189792
0.161689
8.561447
16.485525
25.712959
17.060344
8.988881
0.168822
-8.760684
-16.853503
-11.323035
0.024356
11.531221
11.607873
0.031093
-11.460304
-75.681295
-74.77008
-70.492979
-67.37576
-63.5377
-56.761924
-46.014045
-33.81648
-19.378684
0.265632
19.912802
34.356664
46.535183
57.186068
63.920607
68.09857
70.595144
74.651593
75.481813
-32.784733
32.215267
-42.04699
-47.067477
-48.380433
-47.497419
-46.520535
-54.185037
-55.508134
-53.319929
-41.483155
-47.550937
-48.809134
-47.720305
-47.328976
-54.477321
-55.856954
-53.63594
-31.75041
-27.993141
-26.579943
-28.108892
-30.659476
-36.039439
-36.422
-34.786318
-31.143182
-27.780292
-26.653866
-28.16125
-30.379456
-36.094472
-36.453783
-34.661278
0.927682
-28.448203
-27.659222
-3.327854
10.742698
13.724535
15.084497
13.691704
10.652206
-4.214861
-27.642498
37.700343
42.075593
45.031391
45.596812
45.073885
42.065572
37.754351
31.546887
27.844519
28.675464
27.714044
31.496012
36.729808
37.300948
36.77123
34.639113
34.309172
34.577473
-24.262612
-6.710119
11.021456
22.934125
39.00327
55.208846
67.467307
74.98451
81.652503
84.284604
81.39
74.964182
67.678419
55.590798
39.567779
22.109976
11.345117
-6.465161
-24.184028
-31.542452
-31.415947
8.340385
-6.057636
-12.619734
-15.942608
-18.575374
-18.47063
-12.02327
-3.394805
8.2268
-5.75404
-12.288411
-15.738085
-18.930324
-18.362444
-11.799546
-3.276054
1.974557
-2.361053
-5.738768
-5.656959
-3.140789
-6.917653
-7.526435
-4.76126
2.174708
-2.769142
-5.748773
-5.531294
-2.435215
-6.543373
-7.170527
-4.585196
-45.001138
-25.83963
-17.569456
-21.478313
-16.593576
-24.658759
-28.252389
-24.565632
-17.029935
-19.574987
-17.394578
-10.543248
-20.295357
-24.677677
-25.553862
-24.493588
-20.094037
-10.269381
-21.935385
-27.23841
-28.866538
-27.310383
-22.07923
-21.38605
-24.027554
-21.355021
-21.139744
-24.726396
-21.205222
44.1628764
44.602371
42.8546502
41.2863702
37.6007016
30.7972254
19.736256
8.4364386
-0.848241
-4.3318104
-0.803742
8.4775974
19.732449
30.731184
37.5425082
40.5672696
42.8836368
44.651097
44.0615058
-4.266045
-4.076102
# The principal components (eigenvectors) of identity or combined identity and expression model
246
26
5
0.061446 -0.039147 -0.006155 0.056659 0.058237 0.119369 0.071115 -0.055790 -0.006384 0.017583 0.003581 0.020148 0.013704 -0.009686 -0.102898 0.008980 0.010131 0.068789 0.031589 0.000224 0.063726 0.018793 0.100134 0.074016 0.057076 0.016484 
0.042840 -0.036321 -0.029834 0.054692 0.045881 0.150989 0.079885 -0.045415 0.040435 0.033566 0.014324 0.064271 0.014603 -0.015630 -0.055621 0.008063 -0.000051 0.052667 0.010648 -0.006708 0.018618 0.018474 0.111007 0.124459 0.073542 0.030884 
0.032384 -0.032274 -0.021552 0.030278 0.032224 0.140650 0.050656 -0.047194 0.033716 0.019302 0.040462 0.042742 0.007652 -0.017302 -0.030562 -0.009667 -0.031639 0.021066 -0.025131 -0.010238 -0.005549 0.030133 0.087635 0.098974 0.046477 0.018093 
0.021530 -0.032433 -0.012926 0.024914 0.016648 0.122749 0.020775 -0.029920 0.030646 0.012883 0.032522 0.009010 -0.010423 -0.028127 -0.006113 -0.031021 -0.045573 0.006557 -0.054946 0.008870 -0.033488 0.037906 0.073800 0.054577 0.010426 -0.015720 
0.012776 -0.026795 -0.005295 0.009377 0.001509 0.102128 0.007961 -0.015081 0.018446 0.008542 0.021018 0.004794 -0.004698 -0.030864 0.000382 -0.031963 -0.039659 -0.014969 -0.055005 0.026698 -0.030555 0.050363 0.029161 0.034380 -0.020814 -0.041986 
0.026978 -0.022255 -0.013417 0.016891 0.017946 0.114695 0.037323 -0.025874 0.031096 0.002095 0.005420 0.014231 0.013429 -0.019936 -0.016757 -0.019138 -0.032771 0.002687 -0.040104 0.021881 -0.013373 0.069610 0.093080 0.088492 0.023050 0.011063 
0.039018 -0.025413 -0.013506 0.019264 0.029638 0.128827 0.068351 -0.043594 0.017129 0.017153 0.011014 0.038612 0.018389 -0.036937 -0.051133 -0.005470 -0.007387 0.021155 -0.009733 0.012615 0.010871 0.044348 0.126545 0.106466 0.051031 0.025460 
0.053011 -0.029592 -0.016614 0.038846 0.050088 0.135383 0.083332 -0.051699 0.009440 0.026412 -0.005174 0.047607 0.018429 -0.033384 -0.076871 -0.007593 0.017904 0.049187 0.010004 0.023200 0.058846 0.031607 0.145305 0.137340 0.067768 0.015791 
-0.057678 0.040511 0.011708 -0.072448 -0.072535 -0.049759 -0.107706 0.059875 0.004136 -0.006995 -0.018434 0.002320 -0.030459 0.005011 0.064772 -0.024567 -0.001616 -0.069572 -0.095062 -0.027762 -0.048227 0.026430 -0.092631 -0.053499 -0.024203 -0.012188 
-0.040746 0.039677 0.030629 -0.078339 -0.063943 -0.059263 -0.128908 0.054345 -0.038221 -0.025520 -0.014501 -0.031682 -0.032451 -0.006107 0.007273 -0.028682 0.022439 -0.079500 -0.121295 -0.020022 -0.015395 0.042828 -0.098690 -0.070967 -0.069003 -0.016131 
-0.030315 0.033755 0.022506 -0.055695 -0.047761 -0.037194 -0.106015 0.053184 -0.043842 -0.018836 -0.034021 -0.020764 -0.013386 0.001626 -0.014327 -0.024513 0.019666 -0.058180 -0.101702 -0.029266 0.000933 0.059812 -0.074695 -0.028207 -0.066035 -0.002957 
-0.016982 0.027145 0.016148 -0.046914 -0.030460 -0.010216 -0.069240 0.037241 -0.044133 -0.010123 -0.028967 0.000973 0.001241 0.003961 -0.027368 -0.020784 0.029804 -0.049557 -0.062272 -0.055591 0.017936 0.035533 -0.050895 0.010960 -0.060844 0.007855 
-0.009320 0.014722 0.008421 -0.035713 -0.018790 0.010213 -0.051937 0.021144 -0.033717 -0.007704 -0.022819 -0.005634 0.012398 0.008773 -0.016853 -0.018946 0.016997 -0.031752 -0.033635 -0.054452 0.027639 0.033942 -0.028394 0.026222 -0.055051 0.007754 
-0.023785 0.018984 0.015480 -0.044642 -0.033046 -0.008187 -0.075782 0.027282 -0.035500 0.010219 -0.016725 0.009251 0.007274 0.005546 -0.009099 -0.034356 0.017881 -0.045820 -0.088312 -0.065275 0.014955 0.017632 -0.072742 -0.027468 -0.053354 -0.015623 
-0.038336 0.025652 0.015536 -0.044534 -0.042840 -0.037184 -0.104586 0.045600 -0.024738 -0.009493 -0.006951 -0.020980 -0.017975 0.014303 0.011966 -0.024906 0.006639 -0.051539 -0.127912 -0.046165 -0.005502 0.040794 -0.110130 -0.044492 -0.068652 -0.004010 
-0.050537 0.032215 0.017269 -0.061019 -0.060776 -0.062672 -0.117765 0.052487 -0.014033 -0.017364 -0.004549 -0.025555 -0.032627 0.024422 0.027043 -0.015961 -0.004235 -0.065031 -0.122033 -0.041945 -0.041796 0.036429 -0.136302 -0.061463 -0.064343 0.003360 
0.033580 -0.036594 -0.037486 0.039727 0.037870 0.096478 0.025172 -0.002343 0.003113 -0.027157 0.080304 -0.097135 -0.003634 0.045396 -0.044422 0.065939 -0.035295 -0.015154 0.000509 -0.013976 0.012662 0.076183 -0.029044 -0.013407 -0.053564 0.023131 
0.030315 -0.041080 -0.031310 0.043460 0.034743 0.099547 0.011396 -0.001158 0.005590 -0.048180 0.098343 -0.093730 -0.003347 0.045424 -0.037574 0.061719 -0.037966 -0.014794 -0.018453 0.006130 0.005122 0.043997 -0.045659 -0.014301 -0.065511 -0.034267 
0.024602 -0.043691 -0.022851 0.043003 0.030600 0.103266 -0.006468 -0.003648 0.003622 -0.049315 0.110088 -0.072479 -0.015531 0.028584 -0.006536 0.013120 -0.058735 -0.022322 -0.033483 0.004331 -0.024184 0.014464 -0.052016 -0.035034 -0.081028 -0.060924 
0.014897 -0.045051 -0.013594 0.046143 0.023410 0.101077 -0.025895 -0.009947 0.004975 -0.042306 0.108276 -0.049186 -0.037378 0.001049 0.027022 -0.054550 -0.067791 -0.032388 -0.054770 0.010878 -0.052630 -0.021949 -0.049221 -0.045247 -0.086758 -0.067761 
0.009268 -0.049031 -0.000641 0.033541 0.008736 0.093689 -0.035335 -0.028359 -0.006558 -0.046260 0.116912 -0.032739 -0.040467 -0.014871 0.036256 -0.116784 -0.093277 -0.037622 -0.089281 -0.015212 -0.080389 -0.045099 -0.019166 -0.059210 -0.096063 -0.087465 
0.022040 -0.052541 -0.008995 0.030068 0.018507 0.123196 -0.012806 -0.031345 0.009826 -0.043820 0.124693 -0.035227 -0.030414 -0.026072 0.032812 -0.103025 -0.111412 -0.041818 -0.077778 -0.034269 -0.083728 -0.027426 -0.008230 -0.033578 -0.076510 -0.059229 
0.026430 -0.048602 -0.027353 0.042886 0.029149 0.127315 0.009427 -0.017462 0.026289 -0.034046 0.099303 -0.061197 -0.027438 0.007761 -0.009438 -0.024012 -0.076431 -0.028123 -0.051672 -0.013658 -0.037110 0.050873 -0.027589 -0.010419 -0.049402 -0.005312 
0.030013 -0.043170 -0.033270 0.047481 0.034185 0.121739 0.018190 -0.001928 0.022583 -0.017868 0.088939 -0.076998 -0.019129 0.023689 -0.033539 0.017803 -0.056221 -0.031433 -0.029204 -0.011572 0.000409 0.082951 -0.036945 -0.010986 -0.052516 0.033343 
-0.034004 0.042702 0.040871 -0.065466 -0.063549 -0.035815 -0.102551 0.028477 -0.019778 0.038613 -0.102759 0.093912 -0.021268 -0.053373 0.012936 -0.086721 0.056631 -0.000283 0.009258 0.016820 0.008138 -0.040126 0.083039 0.030970 0.018778 -0.036921 
-0.029328 0.040326 0.038017 -0.059910 -0.057177 -0.026874 -0.094941 0.027219 -0.023033 0.043438 -0.118278 0.087901 -0.024199 -0.048628 0.021488 -0.068079 0.048488 -0.005114 0.032367 -0.017076 0.001646 0.009069 0.075980 0.035565 0.031680 -0.007619 
-0.020832 0.040570 0.026920 -0.063765 -0.049332 -0.021581 -0.075599 0.034644 -0.026566 0.034864 -0.117530 0.059291 -0.014259 -0.028492 -0.002156 -0.006681 0.065202 0.003600 0.060792 -0.014275 0.035399 0.040049 0.078013 0.065324 0.027920 0.014794 
-0.012877 0.038148 0.015107 -0.064795 -0.041956 -0.020829 -0.054731 0.040623 -0.029632 0.022273 -0.106543 0.028862 -0.002568 -0.002441 -0.031978 0.053662 0.074831 0.017090 0.083842 -0.008899 0.059804 0.067971 0.087746 0.090827 0.021887 0.041086 
-0.008396 0.036904 0.000085 -0.045430 -0.023484 -0.018301 -0.039647 0.053522 -0.033527 0.019015 -0.101076 0.012332 0.001109 0.015294 -0.047133 0.103283 0.096031 0.028792 0.089005 0.004133 0.077134 0.106249 0.092752 0.094446 0.001541 0.048075 
-0.019672 0.045868 0.007731 -0.055977 -0.037682 -0.033429 -0.066588 0.054874 -0.025941 0.015460 -0.098117 0.033669 0.007896 0.016316 -0.034647 0.070537 0.101214 -0.003757 0.043392 0.014454 0.086591 0.114035 0.043324 0.074964 -0.014894 0.012872 
-0.024874 0.047707 0.028452 -0.071741 -0.057498 -0.036945 -0.085960 0.042189 -0.039756 0.006659 -0.094590 0.068131 0.011637 -0.014598 -0.003609 -0.012464 0.067865 -0.011428 0.015657 -0.016651 0.030685 0.022809 0.062869 0.062194 0.014767 -0.039220 
-0.028777 0.045665 0.036226 -0.076015 -0.062752 -0.039855 -0.094109 0.027410 -0.040022 -0.006631 -0.090518 0.080058 0.003793 -0.026846 0.000556 -0.053020 0.049281 -0.001490 0.005119 -0.023522 -0.011217 -0.014451 0.060510 0.052264 0.036994 -0.074676 
0.002710 0.013721 0.010469 -0.006024 0.007778 -0.004504 -0.008812 -0.003995 -0.025673 0.004146 0.026613 -0.007235 -0.067572 -0.035438 0.116862 0.143741 -0.033770 0.032959 0.223684 0.008367 -0.010075 -0.083980 -0.078353 0.046067 -0.008410 0.037203 
0.006556 0.003174 0.005500 -0.009883 0.009424 0.032866 -0.020413 0.000795 -0.014912 0.012664 0.003511 -0.006844 -0.034969 -0.019195 0.060648 0.057461 -0.012023 0.000700 0.105304 0.020362 -0.013675 -0.038575 -0.040046 0.058885 -0.047537 0.041306 
0.011637 -0.003102 -0.008162 0.003631 0.023419 0.056855 -0.015239 0.001215 -0.004442 -0.002546 0.022723 -0.002188 -0.025461 -0.007918 0.045651 0.021590 -0.005462 0.008964 0.055552 0.027393 -0.004708 -0.012927 -0.036047 0.022887 -0.070504 0.014923 
0.018192 0.011502 0.000717 0.018817 0.021387 0.027676 -0.025809 0.024653 0.004161 -0.026676 0.037737 0.015206 -0.047885 -0.007244 0.067650 0.056486 0.009159 0.056484 0.140971 0.031456 0.014706 -0.096040 0.046927 -0.048714 -0.069666 -0.043011 
0.028521 0.000237 0.009828 0.024968 0.032599 -0.027952 -0.014897 0.055765 0.003290 -0.054089 0.099621 0.045189 -0.069526 0.025883 0.050376 0.044757 -0.003039 0.055229 0.085583 0.023975 0.038057 -0.082834 0.040658 -0.036613 -0.028520 -0.159908 
0.016371 0.013191 0.011723 0.016778 0.024342 -0.035679 0.004932 0.040412 -0.013585 -0.012631 0.043095 0.036444 -0.082239 0.007286 0.062620 0.060181 -0.033105 0.026562 0.134450 0.018286 0.009196 -0.100685 -0.002486 -0.011758 -0.065449 -0.077883 
-0.000278 0.007974 0.005090 0.010856 0.006095 -0.040467 0.012682 0.007612 -0.014725 0.001387 0.015463 -0.007292 -0.077594 -0.021620 0.057303 0.097757 -0.054917 0.013015 0.182033 0.011052 -0.012059 -0.056025 -0.044455 0.000007 -0.029818 0.005318 
-0.019355 -0.000745 -0.009183 0.004917 -0.004688 -0.037634 0.023379 -0.024764 -0.014250 0.022514 -0.013054 -0.046023 -0.051060 -0.049916 0.034922 0.103947 -0.066829 -0.020448 0.173274 0.000259 0.011701 -0.018168 -0.067049 -0.018480 0.044787 0.069389 
-0.032339 -0.002569 -0.015324 -0.007279 -0.018715 -0.011531 0.026515 -0.033939 -0.018621 0.045651 -0.066749 -0.059963 -0.046482 -0.044874 0.021537 0.100830 -0.084771 -0.084244 0.103697 -0.020670 0.004463 0.002449 -0.063982 -0.004618 0.052350 0.132238 
-0.016505 -0.001683 0.011633 -0.029689 -0.020647 0.002245 -0.015156 -0.019545 -0.045682 0.037532 -0.030716 -0.037860 -0.034574 -0.018800 0.041558 0.098693 -0.048782 -0.027622 0.116107 -0.000276 -0.035523 -0.010333 -0.081961 0.045921 0.039182 0.084529 
-0.002933 0.005106 0.012756 -0.018399 -0.013354 0.016470 -0.032278 0.006761 -0.014292 0.023440 -0.019440 -0.017214 -0.017491 -0.013486 0.019640 0.076903 0.000408 0.003570 0.086285 0.021636 -0.004614 -0.016353 -0.005492 0.061852 -0.020887 0.008546 
0.079202 -0.019213 0.022121 0.000689 0.006955 -0.122545 0.059479 0.209924 -0.010261 -0.017469 0.237493 0.128878 -0.013809 0.000063 0.037996 -0.004754 0.058744 -0.002945 -0.050413 -0.013162 -0.022488 0.047405 0.072648 0.010903 0.142818 -0.058408 
0.026828 -0.006629 0.007273 0.021697 0.053626 -0.118345 0.075435 0.100941 0.017979 -0.019994 0.099490 0.087332 -0.014722 0.023294 -0.002048 -0.023332 0.082015 0.011982 -0.056463 0.000283 -0.059144 0.028205 0.063331 0.026930 0.034191 -0.004515 
0.003783 -0.001971 0.003752 0.022059 0.046957 -0.129730 0.085906 0.044563 0.027444 -0.008798 0.044768 0.046179 0.004191 0.010394 -0.017824 -0.029492 0.069640 0.042845 -0.057237 0.012230 -0.094145 0.012746 0.004643 0.017771 -0.033751 0.020328 
-0.004810 -0.002098 -0.012168 0.025198 0.020510 -0.128875 0.100643 -0.009942 0.036109 0.003384 0.003632 -0.007131 0.012731 -0.010299 -0.045336 -0.026866 0.039081 0.060698 -0.057641 0.010351 -0.093586 0.006846 -0.023432 0.012137 -0.074661 0.003602 
-0.011226 -0.001329 -0.027228 0.030672 -0.004284 -0.123193 0.105206 -0.061247 0.040158 0.017321 -0.031147 -0.048108 0.018889 -0.028023 -0.069714 -0.023216 0.009647 0.062116 -0.064693 -0.002660 -0.059812 -0.012082 -0.041445 0.004878 -0.093406 -0.015804 
-0.031629 0.004016 -0.031564 0.029061 -0.012551 -0.105566 0.097548 -0.119444 0.042713 0.020673 -0.084313 -0.079752 0.003806 -0.037563 -0.090168 -0.006024 -0.030324 0.033244 -0.081102 -0.024600 -0.011433 -0.031081 -0.031436 -0.009039 -0.068550 -0.023180 
-0.080355 0.015124 -0.042825 0.040076 0.030143 -0.053006 0.074997 -0.220165 0.066858 0.002030 -0.206931 -0.116926 -0.040832 -0.009245 -0.130264 0.002510 -0.082357 -0.080046 -0.072874 -0.031721 0.117696 0.001417 -0.003932 -0.038000 -0.027848 0.015001 
-0.044255 0.016947 -0.016644 0.017552 -0.020241 -0.042920 0.090380 -0.152700 0.025817 0.030356 -0.133274 -0.084789 -0.098269 -0.064477 -0.013356 0.045409 -0.126700 -0.035964 0.046636 -0.077642 0.084495 -0.016033 -0.038838 0.032285 0.032418 -0.005541 
-0.021876 0.003362 -0.012723 0.013174 -0.012073 -0.058766 0.077074 -0.067767 0.007278 0.030862 -0.065839 -0.060358 -0.083206 -0.056573 0.011561 0.047875 -0.095842 -0.021742 0.103813 -0.031012 0.047573 -0.033547 -0.054074 0.023828 0.012105 -0.014873 
-0.002321 0.004745 -0.001582 0.013709 0.017086 -0.077492 0.048183 0.005942 0.007868 0.007113 0.010385 0.007357 -0.073248 -0.021856 0.031115 0.067308 -0.047082 -0.007937 0.124717 0.011041 0.007987 -0.046555 -0.026446 -0.022298 -0.025376 -0.013556 
0.016988 0.006136 0.012045 0.015567 0.044550 -0.089260 0.015570 0.074898 0.011240 -0.012770 0.091046 0.080217 -0.074886 0.012415 0.051341 0.056495 -0.005468 -0.029376 0.098836 0.045699 -0.004993 -0.051575 0.011443 -0.063015 -0.019214 -0.028953 
0.037474 -0.009837 0.008202 0.009280 0.047930 -0.097649 0.016806 0.157934 0.007421 -0.016365 0.165162 0.122082 -0.047461 0.022967 0.016185 0.028878 0.043502 -0.069855 0.060807 0.047096 0.008860 -0.051630 0.051786 -0.079522 0.022774 -0.047189 
0.021446 -0.003641 0.002818 0.024850 0.051345 -0.130776 0.090076 0.095026 0.025413 -0.007248 0.082392 0.076093 -0.019313 0.011794 -0.000691 -0.037438 0.080157 0.038682 -0.053773 0.020739 -0.084015 0.029199 0.047545 0.027600 0.000196 0.000046 
-0.003716 0.000013 -0.011378 0.026804 0.024211 -0.136885 0.102909 -0.008672 0.034509 0.010579 0.002188 -0.005125 -0.006894 -0.010034 -0.041537 -0.025851 0.031776 0.065108 -0.054421 0.029329 -0.097400 0.012060 -0.036331 0.013149 -0.075652 0.016951 
-0.027797 0.002295 -0.029040 0.031486 -0.002741 -0.125427 0.105393 -0.114440 0.040279 0.019126 -0.075032 -0.083487 0.002338 -0.021052 -0.100455 -0.002793 -0.019263 0.033677 -0.077985 0.004373 -0.032164 -0.018695 -0.060004 0.001687 -0.075939 0.010140 
-0.040728 0.008671 -0.025455 0.029405 0.006517 -0.075846 0.083962 -0.127504 0.034562 0.013892 -0.108188 -0.084407 -0.077499 -0.040847 -0.048272 0.048106 -0.088553 -0.029438 0.018213 -0.029684 0.089965 -0.022500 -0.012509 0.009971 0.005720 -0.044196 
-0.005287 0.001985 -0.006345 0.022503 0.022617 -0.096507 0.062028 0.000954 0.017070 0.007354 -0.000888 0.003186 -0.059671 -0.013427 0.004427 0.043734 -0.030486 0.000921 0.084643 0.030086 -0.009545 -0.029866 -0.015615 -0.005321 -0.030399 -0.012147 
0.033922 -0.007841 0.007688 0.013107 0.035150 -0.112489 0.049395 0.130530 0.008437 -0.005415 0.131338 0.102255 -0.060678 0.008231 0.024556 0.016069 0.011573 -0.048228 0.057403 0.042204 -0.014874 -0.014976 0.038167 -0.040627 0.036475 -0.018854 
0.090980 -0.042783 0.069079 0.060270 0.057422 -0.002626 0.027620 -0.057103 -0.172837 -0.003352 -0.012279 0.034456 0.054402 -0.036098 -0.149704 -0.159252 0.083948 -0.063770 0.121563 -0.039472 0.154437 -0.059261 -0.140368 -0.200130 0.098003 0.058143 
0.099486 -0.028149 0.083809 0.032428 0.042843 -0.003885 0.004175 -0.041855 -0.168926 0.002602 -0.043237 0.067379 -0.015800 -0.022940 -0.084845 -0.141478 0.076051 -0.073214 0.093589 -0.008245 0.153485 0.040209 -0.102351 -0.164706 0.056951 0.042803 
0.114565 0.002940 0.129321 0.047277 0.042726 -0.020383 -0.048245 -0.031770 -0.136436 0.017916 -0.072964 0.007220 -0.019648 -0.002623 0.002865 -0.056336 0.031250 -0.051507 0.005799 -0.029844 0.092102 0.055691 -0.028191 -0.154813 0.055051 -0.049304 
0.131595 0.002834 0.169192 0.065850 0.057161 -0.018887 -0.079388 -0.053986 -0.092223 0.031485 -0.090302 -0.029256 -0.023112 0.028888 0.098334 0.035544 0.035464 -0.019600 -0.061586 -0.012864 0.080246 0.018320 0.021637 -0.121293 0.065019 -0.023007 
0.142693 0.007020 0.167612 0.067431 0.056632 -0.030643 -0.108941 -0.041048 -0.043002 0.032849 -0.093828 -0.032361 0.011367 0.055574 0.136888 0.077423 0.015258 0.028147 -0.111760 -0.007839 0.036893 -0.057776 0.053460 -0.070031 0.089802 0.007105 
0.139145 0.017483 0.135680 0.072988 0.058365 -0.034142 -0.129936 0.016107 -0.019814 0.028777 -0.095784 -0.050270 0.094780 0.045475 0.100695 0.075307 -0.022854 0.058050 -0.117032 -0.012857 0.003142 -0.092136 0.059902 -0.003915 0.137402 0.017585 
0.118289 -0.017585 0.072500 0.053459 0.044764 -0.039232 -0.104016 0.029482 -0.025164 -0.028877 -0.080354 -0.047666 0.172205 0.014359 0.045734 0.011082 -0.063627 0.059945 -0.115336 0.011643 -0.074266 -0.073211 0.013198 0.124657 0.106894 0.091406 
0.071413 -0.025539 0.023287 0.011928 0.022973 -0.036493 -0.060299 0.038756 -0.039487 -0.031580 -0.061151 -0.002621 0.225877 -0.027855 -0.014793 -0.043512 -0.061969 0.074426 -0.122867 0.007334 -0.088893 -0.054184 -0.056843 0.118696 -0.020119 0.073603 
0.032689 -0.006317 0.015740 -0.016847 -0.007285 -0.018138 -0.010998 0.014469 -0.014124 -0.012010 -0.022719 0.009859 0.227362 -0.025932 -0.010275 -0.043190 0.006944 0.087713 -0.084359 -0.016729 -0.076710 -0.057802 -0.079646 0.061356 -0.105596 0.053850 
-0.001916 -0.005628 -0.007620 0.003611 -0.004706 -0.012522 0.014275 -0.024370 0.012718 -0.001344 -0.019046 -0.024553 0.180918 0.013138 -0.006030 -0.063206 0.101854 0.111832 -0.068798 -0.000911 -0.106846 0.001376 -0.048823 0.049756 -0.063072 0.023996 
-0.038406 -0.003647 -0.027267 0.025657 -0.004201 0.011473 0.028978 -0.059854 0.027703 0.004997 -0.011337 -0.062398 0.116330 0.058849 0.000717 -0.077812 0.187303 0.120614 -0.028764 0.009843 -0.115637 0.050273 -0.024603 0.038635 0.005064 -0.018387 
-0.071852 0.020640 -0.028444 -0.005123 -0.025329 0.052659 0.050373 -0.086349 0.049354 0.023820 0.003901 -0.053699 0.075007 0.092306 0.025032 -0.104350 0.216367 0.091851 0.020003 0.000819 -0.038408 0.056825 -0.002406 -0.073336 0.004085 -0.010600 
-0.110520 0.022438 -0.063752 -0.049846 -0.045607 0.095146 0.067888 -0.074385 0.032957 0.019827 0.012396 0.010216 0.089691 0.071793 0.016788 -0.127215 0.128354 0.013032 0.069736 -0.004609 0.044581 0.039358 0.024844 -0.145704 0.018376 -0.007106 
-0.130064 -0.010225 -0.122964 -0.075279 -0.062333 0.119343 0.076689 -0.042307 0.002702 -0.033871 0.039563 0.023350 0.095418 0.036803 -0.001683 -0.136977 -0.003483 -0.057163 0.115397 0.054592 0.034714 -0.003686 0.011132 -0.100094 0.096954 0.059152 
-0.136549 -0.006445 -0.157428 -0.059147 -0.062551 0.105757 0.071762 0.023977 0.013579 -0.033019 0.051271 0.033927 0.132852 0.007691 -0.050745 -0.105907 -0.046484 -0.053766 0.093028 0.054737 0.017492 -0.075122 -0.007912 -0.049189 0.146276 0.032693 
-0.130070 0.001735 -0.149176 -0.061669 -0.070380 0.087272 0.042115 0.043534 0.061073 -0.027109 0.080284 0.036293 0.101374 0.033311 -0.042605 -0.039965 -0.053019 -0.017806 0.053292 0.049213 0.036815 -0.124204 0.012203 -0.040402 0.168110 0.039887 
-0.119024 -0.001677 -0.119553 -0.056220 -0.063823 0.076815 0.011554 0.033837 0.110104 -0.014496 0.077428 0.018530 0.040346 0.066032 0.011662 0.045353 -0.054378 0.015403 0.003967 0.038787 0.035839 -0.109501 0.036123 -0.045133 0.158140 0.047963 
-0.103409 0.019951 -0.066057 -0.047696 -0.067489 0.037488 -0.029084 0.019155 0.172851 0.005568 0.059346 -0.021815 -0.010829 0.082077 0.049096 0.122390 -0.087849 0.034990 -0.123044 0.045772 -0.007066 -0.051244 0.075404 -0.050429 0.078266 -0.011437 
-0.093480 0.031587 -0.044499 -0.077382 -0.076290 0.005636 -0.048622 0.023953 0.192253 -0.007760 0.024399 -0.000296 -0.088156 0.088830 0.107709 0.130343 -0.059808 0.016503 -0.216796 0.066183 -0.003877 0.066026 0.111928 -0.002384 -0.024583 -0.010371 
0.023893 -0.044970 -0.021937 0.040789 0.027150 0.108289 -0.002040 -0.012024 0.008680 -0.038619 0.103357 -0.064836 -0.022167 0.013870 -0.004427 -0.017474 -0.067141 -0.027957 -0.044267 -0.008418 -0.032481 0.021749 -0.033484 -0.027773 -0.070169 -0.032310 
-0.022345 0.042236 0.024176 -0.062887 -0.049179 -0.029204 -0.076766 0.038620 -0.029782 0.021711 -0.103676 0.058020 -0.004732 -0.017846 -0.010568 0.000065 0.069943 0.003426 0.042429 -0.005627 0.036022 0.038201 0.073029 0.063319 0.017334 -0.005201 
-0.041979 0.007850 0.022882 -0.012200 -0.080106 0.037294 -0.077848 0.015047 -0.012508 -0.051803 -0.006136 0.023717 -0.090077 0.091507 -0.068867 0.065330 0.001115 -0.016031 0.024310 -0.126915 -0.021935 0.029646 0.060031 0.017894 -0.072163 0.004413 
-0.102313 -0.071859 -0.066832 0.126639 -0.073941 0.050209 -0.107408 0.062721 0.056965 -0.035223 -0.039546 0.098549 -0.129588 0.072518 -0.062670 -0.000232 -0.047949 0.059661 0.027440 -0.238898 -0.040415 -0.013892 0.000506 0.098583 0.088627 0.148273 
-0.096318 -0.080038 -0.056440 0.113931 -0.053755 0.045399 -0.083704 0.082349 0.021250 0.001867 -0.053197 0.050489 -0.107880 -0.015006 -0.104887 0.009022 -0.053751 0.044323 -0.024607 -0.084328 -0.029286 0.035585 -0.008890 0.135132 0.063911 0.125311 
-0.095416 -0.073478 -0.024057 0.081148 -0.052377 0.036850 -0.058181 0.077106 -0.016553 0.049793 -0.068263 0.026621 -0.116921 -0.112000 -0.106689 -0.015120 0.031480 0.026232 -0.067954 0.171016 -0.052573 0.062602 -0.013243 0.055662 0.017810 -0.002217 
-0.097695 -0.071091 -0.015772 0.056182 -0.048762 0.025560 -0.040103 0.056294 -0.033472 0.056686 -0.059029 -0.019262 -0.092396 -0.152923 -0.091683 -0.018994 0.053191 -0.020315 -0.063214 0.281393 -0.073974 0.075405 0.017928 0.013253 0.008206 -0.022188 
-0.102364 -0.071358 -0.024516 0.075142 -0.073652 0.055446 -0.069566 0.104138 0.007906 0.124569 -0.067451 0.064296 -0.149217 -0.103354 -0.135575 0.003803 0.071711 0.061559 -0.074912 0.150216 -0.009859 0.008098 -0.036112 -0.062129 0.005265 -0.067756 
-0.090585 -0.072060 -0.036789 0.102971 -0.066110 0.065598 -0.103976 0.090937 0.048483 0.063593 -0.029394 0.103302 -0.136678 0.007247 -0.128311 -0.007616 0.033685 0.082382 -0.056964 -0.155499 0.054031 -0.046201 0.001520 0.007136 0.040110 0.036006 
-0.088945 -0.055674 -0.024170 0.095953 -0.086986 0.060920 -0.117163 0.079587 0.052261 0.038378 -0.007144 0.147554 -0.147978 0.090396 -0.071254 -0.000808 0.049323 0.050421 -0.049668 -0.300391 0.049260 -0.098532 -0.031499 -0.035736 -0.010658 0.063929 
-0.043005 0.009626 0.021953 0.022548 -0.046056 -0.093765 0.036249 -0.026350 0.017990 -0.064790 0.009305 -0.015495 0.073349 0.097979 0.061464 -0.012644 0.011773 -0.068445 0.006823 -0.103069 -0.029759 0.019552 0.053085 0.051866 -0.082869 -0.037438 
-0.101045 -0.081837 -0.066365 0.161336 -0.029076 -0.092506 0.032416 0.005361 0.095463 -0.018706 -0.065037 0.036671 0.136223 0.110167 0.207877 -0.054197 -0.061625 -0.022284 0.097514 -0.145863 -0.026089 0.025074 -0.000622 0.086859 0.030914 0.060834 
-0.100113 -0.092030 -0.062184 0.148761 -0.023823 -0.068924 0.028227 0.024593 0.075763 0.018189 -0.073279 0.000774 0.130857 0.008356 0.189745 -0.040105 -0.070561 -0.058923 0.068585 0.012699 -0.015578 0.078624 -0.027727 0.067591 0.014438 0.056861 
-0.096380 -0.081058 -0.021977 0.106289 -0.044596 -0.049462 0.016623 0.035973 0.009906 0.053036 -0.093562 -0.020512 0.060583 -0.087998 0.101887 -0.016782 0.007119 -0.070678 0.020950 0.227077 -0.031206 0.087236 -0.047445 -0.017127 -0.012328 -0.037669 
-0.097261 -0.073293 -0.011459 0.071518 -0.048983 -0.026565 0.004155 0.033557 -0.007702 0.068859 -0.079474 -0.030758 0.017425 -0.136797 0.040245 -0.015401 0.046378 -0.082452 0.006314 0.322029 -0.054374 0.060374 -0.010750 -0.052363 -0.027774 -0.065215 
-0.107101 -0.084849 -0.021335 0.104072 -0.066493 -0.029644 0.015900 0.047442 0.048891 0.124952 -0.092473 0.006671 0.062168 -0.082387 0.077281 0.006682 0.050828 -0.048325 0.003966 0.209543 0.019503 0.016776 -0.047333 -0.127680 -0.045015 -0.131426 
-0.100521 -0.084174 -0.041338 0.143084 -0.043987 -0.060500 0.031294 0.031374 0.097951 0.077056 -0.050581 0.043550 0.130556 0.023036 0.186042 -0.028786 0.018609 -0.015486 0.070811 -0.064985 0.083831 0.012028 -0.049733 -0.058845 -0.025421 -0.079273 
-0.098742 -0.068689 -0.032828 0.135739 -0.057480 -0.086205 0.030427 0.021340 0.122269 0.049537 -0.034306 0.071969 0.130551 0.112974 0.238444 -0.054215 0.025258 -0.021084 0.048954 -0.197402 0.076867 -0.037535 -0.057649 -0.054702 -0.071152 -0.041095 
-0.042216 0.007526 0.031065 -0.082301 -0.058173 0.010467 -0.023201 -0.034554 -0.065322 -0.083295 0.032272 0.032318 -0.029551 0.044523 -0.051176 0.078620 -0.014480 -0.005674 0.025662 -0.050646 -0.024887 0.007669 0.008943 -0.004424 -0.062472 -0.062764 
-0.044869 -0.001039 0.041957 -0.084809 -0.045929 0.019623 -0.012081 -0.039161 -0.078718 -0.055499 0.026595 0.030389 -0.036335 0.005314 -0.021758 0.034660 -0.004792 0.009587 -0.013442 -0.016772 -0.021317 -0.101166 0.111467 0.014151 -0.099226 -0.095099 
-0.046709 -0.005461 0.044764 -0.091809 -0.045369 0.023086 0.004730 -0.037869 -0.085717 -0.039994 0.025258 0.024758 -0.037341 -0.021413 -0.004767 -0.003864 -0.014470 0.012235 -0.021060 -0.017948 -0.031874 -0.139295 0.129611 0.017068 -0.095860 -0.070913 
-0.040411 -0.004952 0.048543 -0.099843 -0.042475 0.028489 0.015289 -0.037916 -0.069136 -0.020277 0.023078 0.017156 -0.035783 -0.056321 -0.002647 -0.019060 -0.011003 -0.007530 -0.020519 -0.001069 -0.013831 -0.124380 0.116228 0.005273 -0.097706 -0.004688 
-0.040056 -0.010359 0.039401 -0.094953 -0.045387 0.040459 0.006976 -0.037078 -0.050439 -0.015714 0.016223 0.017712 -0.047451 -0.074784 -0.001745 -0.022885 -0.018235 -0.038082 -0.050290 0.024984 -0.012665 -0.032278 0.025331 -0.031502 -0.059866 0.045704 
-0.056633 -0.009859 0.027183 -0.079612 -0.058920 0.025271 0.027694 -0.041324 -0.084498 -0.092701 0.040670 -0.006882 0.009421 0.013427 -0.100310 0.131333 -0.009397 -0.012446 -0.034246 0.023712 0.000392 0.096823 -0.079643 -0.031496 0.086259 -0.036392 
-0.062427 -0.004384 0.016966 -0.072699 -0.066493 0.006513 0.022381 -0.021443 -0.097960 -0.116278 0.047935 -0.017069 0.022107 0.067798 -0.130608 0.212255 -0.030800 -0.000973 -0.005978 -0.005996 0.002332 0.179996 -0.148211 -0.043763 0.108325 -0.071309 
-0.056284 0.000858 0.020253 -0.071562 -0.070818 0.006029 0.003177 -0.016936 -0.091857 -0.123155 0.040583 -0.006780 0.001034 0.087274 -0.118645 0.184589 -0.034172 0.001549 0.002720 -0.025584 -0.015477 0.134483 -0.107660 -0.032098 0.064271 -0.075928 
-0.039348 0.014087 0.041166 -0.058144 -0.030633 -0.081204 0.049794 -0.062057 -0.048450 -0.063101 0.024977 0.004592 0.063394 0.063846 -0.020036 0.019626 0.016442 -0.006977 -0.012457 -0.015126 -0.008974 -0.048746 0.105488 0.022420 -0.055635 -0.024235 
-0.043616 0.004460 0.046065 -0.066455 -0.026891 -0.062252 0.056053 -0.059388 -0.062691 -0.049441 0.022334 0.016567 0.043233 0.024285 0.002748 -0.011518 0.018303 0.012124 -0.029408 -0.006431 -0.010240 -0.141834 0.170141 0.022128 -0.067151 -0.044640 
-0.046759 -0.001372 0.046848 -0.074383 -0.029379 -0.044585 0.064809 -0.055692 -0.070778 -0.038195 0.010148 0.009917 0.029131 -0.001856 0.021676 -0.031194 0.006834 0.011983 -0.032520 -0.007263 -0.021262 -0.175370 0.185433 0.003206 -0.056661 -0.031585 
-0.044593 -0.002569 0.045870 -0.079201 -0.028670 -0.027064 0.064739 -0.054156 -0.061401 -0.026005 0.015350 0.001360 0.025566 -0.016513 0.022139 -0.028910 0.008999 -0.015524 -0.024121 0.011905 -0.011886 -0.160673 0.157681 -0.019321 -0.057784 0.022580 
-0.038738 -0.005736 0.039645 -0.076210 -0.027612 -0.009990 0.044193 -0.057443 -0.035835 0.000339 0.005333 0.004036 0.022057 -0.060096 0.038482 -0.054269 0.010194 -0.039496 -0.006813 0.020573 -0.007667 -0.105067 0.081338 -0.041002 -0.019527 0.092340 
-0.059689 -0.004575 0.032559 -0.063370 -0.050066 -0.043819 0.073587 -0.060613 -0.070620 -0.060266 0.030283 -0.019959 0.109220 0.048626 -0.024787 0.077620 0.002144 -0.058009 -0.016236 0.007097 0.006300 0.057005 -0.001523 -0.038753 0.080669 0.054878 
-0.062051 -0.002738 0.022276 -0.046391 -0.047784 -0.077209 0.086683 -0.055140 -0.082834 -0.104533 0.033335 -0.049191 0.139961 0.116590 -0.032379 0.148645 -0.019156 -0.047846 -0.007940 0.003051 0.006877 0.137228 -0.059994 -0.015534 0.109522 0.030026 
-0.057204 0.003587 0.027263 -0.044935 -0.048789 -0.087133 0.075765 -0.054356 -0.071837 -0.110730 0.037414 -0.048325 0.131203 0.123427 -0.032693 0.117673 -0.024489 -0.030450 -0.025537 -0.013821 -0.013381 0.092202 -0.033158 0.011632 0.073011 -0.014078 
-0.041124 -0.004909 0.052676 -0.112400 0.117821 -0.024446 -0.021839 -0.009749 0.081187 0.010477 0.098129 -0.086457 -0.075853 -0.058271 0.142421 -0.046745 0.060884 0.258249 0.001016 0.062150 0.114765 0.104735 -0.092202 0.060220 0.159319 0.031241 
-0.038042 0.005817 0.047593 -0.137693 0.008813 0.031487 0.053191 -0.024516 -0.008283 0.038491 0.039155 -0.021849 -0.078471 -0.125267 0.107769 -0.114551 -0.046464 0.042818 -0.010534 -0.014934 -0.025532 -0.015904 -0.017722 -0.053860 -0.025100 0.224007 
-0.037457 0.003436 0.047848 -0.133773 -0.006550 0.041551 0.036247 -0.042054 -0.016377 0.021831 0.023382 0.006346 -0.069836 -0.115847 0.078940 -0.075149 -0.010106 0.032536 -0.036039 0.012736 0.000205 -0.017911 0.000191 -0.028448 -0.031285 0.133192 
-0.017561 0.009518 0.053264 -0.135079 0.072104 0.014640 0.009949 -0.037176 0.032039 -0.002102 0.054717 -0.031768 -0.068026 -0.060121 0.098680 -0.057048 0.038499 0.133849 -0.012034 -0.023286 0.121279 0.022392 -0.065797 0.046050 -0.000037 -0.001487 
0.007748 0.003527 0.034248 -0.110272 0.109423 0.002088 0.007285 0.010027 0.048354 0.023566 0.027472 -0.028432 -0.031862 -0.043205 0.032242 -0.062791 -0.009775 0.033163 -0.020370 -0.072465 0.110794 -0.015988 -0.100532 0.077196 -0.026718 -0.073269 
-0.007257 -0.002715 0.037448 -0.102319 0.135403 -0.003755 -0.010443 -0.013336 0.075196 0.013034 0.040835 -0.040173 -0.025246 -0.033127 0.024587 -0.057272 0.000498 0.084967 -0.006890 -0.010130 0.121125 0.043115 -0.093194 0.055412 0.001606 -0.025637 
-0.017083 -0.008210 0.045057 -0.106761 0.141005 -0.001667 -0.036807 -0.043028 0.086716 -0.005039 0.070037 -0.031151 -0.030360 -0.054979 0.040241 -0.028760 0.031933 0.151764 0.015938 0.030395 0.106080 0.106709 -0.082393 0.042908 0.066588 -0.018548 
-0.007366 -0.005385 0.036345 -0.102836 0.130995 0.014535 -0.037659 -0.017239 0.074093 -0.012123 0.046856 -0.058479 -0.000873 -0.022692 0.052706 -0.038439 0.031582 0.108110 0.022621 -0.004935 0.098696 0.070444 -0.074972 0.042512 0.031436 -0.004044 
0.007896 -0.001046 0.029017 -0.106292 0.108251 0.021083 -0.019355 0.007901 0.041734 -0.003766 0.032547 -0.047044 0.007572 -0.015563 0.065683 -0.047188 0.018821 0.094240 0.009800 -0.067933 0.069408 0.000702 -0.089911 0.051241 -0.009027 -0.009810 
-0.017241 0.013616 0.054680 -0.128631 0.067069 0.004847 0.017759 -0.037966 0.033434 -0.006753 0.054414 -0.025149 -0.043814 -0.045670 0.100429 -0.069998 0.052008 0.131088 -0.015274 -0.020449 0.105385 0.011517 -0.034064 0.026801 0.014566 0.038653 
-0.035026 0.005762 0.048838 -0.128707 -0.000878 0.017802 0.057333 -0.043661 -0.012768 0.018213 0.019114 -0.006162 -0.052217 -0.106168 0.084523 -0.085100 -0.005766 0.024007 -0.005312 0.013576 0.001295 -0.042871 0.024208 -0.038445 -0.026934 0.173281 
0.081158 -0.045155 -0.031684 -0.032228 0.066873 -0.043468 0.052109 0.046051 0.028392 0.018249 0.020436 -0.013088 0.018816 -0.005185 -0.061335 -0.055428 -0.000866 -0.209516 -0.096028 -0.081080 0.143752 -0.053831 -0.086672 0.246670 0.043513 -0.182842 
0.154823 -0.053218 -0.054750 -0.020383 -0.080579 -0.047344 0.010050 -0.035811 -0.012131 0.121799 0.051165 -0.031637 -0.014454 0.005306 -0.018466 -0.040738 -0.037087 -0.064001 -0.048756 -0.029868 0.029921 -0.025007 -0.001233 0.044585 0.051355 -0.065803 
0.192614 -0.060527 -0.066360 -0.027754 -0.145878 -0.040729 0.000833 -0.061182 -0.004356 0.157960 0.056927 -0.062608 -0.031218 0.015439 0.005897 -0.029386 -0.056744 -0.002377 -0.026910 -0.005682 0.001732 -0.011057 0.005839 -0.035754 0.069415 -0.022387 
0.207873 -0.058916 -0.067590 -0.027073 -0.166186 -0.032411 -0.010049 -0.061870 -0.005176 0.167863 0.054501 -0.070436 -0.028995 0.026255 0.011365 -0.009811 -0.056808 0.037685 -0.002086 0.001884 -0.027505 -0.007957 0.021471 -0.083113 0.041692 0.001185 
0.198906 -0.059569 -0.068195 -0.023089 -0.157636 -0.026117 -0.022840 -0.049287 -0.022267 0.155458 0.045699 -0.075755 -0.016124 0.022110 0.016147 0.026422 -0.035201 0.076152 0.023344 0.005961 -0.065063 -0.028820 0.019034 -0.070483 0.020086 0.008788 
0.165085 -0.049053 -0.057501 -0.017564 -0.106526 -0.010255 -0.040657 -0.033056 -0.041221 0.116725 0.031103 -0.049308 0.006941 0.026341 0.004099 0.056848 -0.003141 0.078848 0.053315 0.004754 -0.080468 -0.059580 -0.004678 -0.014101 -0.035884 -0.007259 
0.085012 -0.042236 -0.030183 -0.028134 0.009871 0.048388 -0.044664 0.055417 -0.035973 0.015412 -0.006114 -0.038590 0.092351 0.041069 -0.002887 0.055397 0.050067 0.058884 0.092198 -0.005738 -0.064628 -0.093094 -0.127383 0.115111 -0.054024 -0.110856 
0.027947 -0.031242 0.010018 -0.037117 0.166404 0.028545 -0.065041 0.029570 0.062601 0.032521 -0.062390 0.008766 0.080427 0.025322 -0.080632 0.036999 0.001683 -0.053031 0.084726 0.010305 -0.081393 -0.011280 0.004011 -0.036036 -0.031521 -0.029738 
0.007228 -0.014238 0.020628 -0.031670 0.228137 0.011284 -0.093872 0.021827 0.110702 0.026551 -0.053140 0.057876 0.073564 0.039509 -0.107102 0.046605 -0.019236 -0.076623 0.072665 0.020449 -0.098860 0.006900 0.046685 -0.097947 -0.024973 0.040744 
0.001989 -0.018807 0.017892 -0.018678 0.246146 -0.007892 -0.100065 0.019576 0.137344 0.012216 -0.036845 0.055564 0.079444 0.035331 -0.093671 0.045622 -0.033294 -0.094077 0.044579 0.013071 -0.094985 -0.008740 0.064209 -0.084058 -0.014714 0.054364 
0.009486 -0.016181 0.022282 -0.041836 0.227248 -0.004353 -0.077102 0.028254 0.118645 0.030249 -0.043036 0.069770 0.055700 0.016709 -0.114430 0.002907 -0.046435 -0.128186 0.016957 -0.009185 -0.075452 -0.011166 0.033816 -0.096599 -0.020418 0.021791 
0.032924 -0.030218 0.009062 -0.046887 0.173099 -0.002063 -0.026411 0.033297 0.082373 0.041720 -0.047667 0.033981 0.042240 -0.000193 -0.106425 -0.038531 -0.032181 -0.163611 -0.031021 -0.049638 -0.004448 -0.021989 -0.021882 0.002440 -0.035126 -0.070803 
0.153997 -0.042835 -0.076164 0.002009 -0.072782 -0.042340 -0.019499 -0.059559 -0.000487 0.186159 0.078745 -0.018719 0.009927 0.029184 -0.054841 -0.022684 0.034798 -0.101044 -0.011170 -0.044037 0.022366 0.011549 0.056366 0.016001 0.025000 -0.064415 
0.174403 -0.039485 -0.089047 0.013270 -0.106750 -0.041533 -0.046901 -0.091259 0.015793 0.206696 0.080692 -0.025480 0.015147 0.050948 -0.033544 0.009125 0.057527 -0.035459 0.028594 -0.030800 -0.016977 0.050625 0.093449 -0.045327 0.030041 -0.023358 
0.156813 -0.040025 -0.079785 0.010914 -0.089874 -0.017806 -0.050722 -0.062434 -0.014801 0.191625 0.056271 -0.037867 0.025160 0.046001 -0.036705 0.042287 0.064053 0.002847 0.071053 -0.001789 -0.050075 0.005443 0.052246 -0.031387 -0.013261 -0.036215 
0.035477 -0.038688 0.013287 -0.046131 0.154087 0.021847 -0.048938 0.041601 0.052774 0.029935 -0.063937 0.006412 0.051664 0.031612 -0.070641 0.073275 -0.037999 -0.036266 0.096557 0.028262 -0.092652 -0.003857 -0.003882 -0.017168 -0.008356 0.033905 
0.025308 -0.032804 0.020016 -0.049310 0.191553 -0.002702 -0.055268 0.033760 0.091649 -0.000267 -0.056373 0.030576 0.052711 0.023844 -0.080622 0.045222 -0.063350 -0.068248 0.051819 0.004494 -0.078354 0.031120 0.005427 -0.008171 0.000416 0.066587 
0.039873 -0.041376 0.011989 -0.047523 0.161470 -0.005678 -0.017384 0.035693 0.067549 0.033798 -0.041001 0.017554 0.040051 0.014816 -0.094663 0.003451 -0.054934 -0.117662 0.001963 -0.017145 -0.035663 -0.002614 0.001068 0.030021 0.009843 -0.008976 
0.057764 0.148512 0.096780 -0.000398 -0.079054 0.069709 -0.083218 -0.023450 0.045668 -0.023425 -0.021639 0.035725 -0.111626 0.261351 -0.015782 -0.143058 -0.103685 -0.021449 0.158217 0.227265 0.041322 -0.024941 -0.039034 0.043022 -0.043887 0.024030 
0.042364 0.163944 0.097453 0.029569 -0.070940 0.083318 -0.081883 0.006826 0.056822 -0.014719 0.000694 -0.010639 -0.059135 0.145448 0.030026 -0.070227 -0.086280 -0.066281 0.086900 0.099853 0.030401 0.041111 -0.017696 0.047218 -0.048942 -0.021116 
0.027082 0.185088 0.110446 0.079429 -0.056727 0.106344 -0.057862 0.039144 0.067015 0.003170 0.032167 -0.092843 0.002539 -0.025133 0.092184 0.015147 -0.057184 -0.109658 0.015895 -0.002191 0.008687 0.110398 0.044483 0.007334 -0.017324 -0.006052 
0.017006 0.202209 0.113180 0.104960 -0.031483 0.126044 -0.022633 0.068252 0.057568 0.037312 0.054847 -0.155105 0.058527 -0.178679 0.144795 0.071767 -0.022996 -0.110225 -0.007613 -0.067362 0.010159 0.145065 0.149572 -0.031781 0.024535 0.001277 
0.012336 0.151585 0.035678 0.085787 -0.011248 0.122744 0.008956 0.059079 0.017017 0.005712 0.039851 -0.070219 0.084600 -0.176653 0.081303 0.015222 0.004704 -0.113503 -0.003214 -0.048889 0.053816 0.078712 0.089022 0.004854 -0.031481 -0.026932 
0.011469 0.081672 -0.037142 0.071858 0.020377 0.110599 0.035068 0.040703 -0.045469 -0.046750 0.023729 0.016956 0.088503 -0.145886 0.058350 -0.013761 0.024885 -0.104373 -0.015536 -0.021272 0.093795 0.022797 0.030309 0.045588 -0.091502 -0.061268 
0.017919 0.033134 -0.095886 0.069426 0.055869 0.083683 0.047258 0.054883 -0.104452 -0.077389 -0.019159 0.084170 0.082543 -0.099319 0.037674 -0.022913 0.033539 -0.056209 -0.048800 -0.017093 0.151241 -0.002079 -0.024655 0.033206 -0.127566 -0.095247 
0.059192 -0.015334 -0.127044 0.080691 0.062051 0.055175 0.048815 0.025296 -0.131710 -0.137580 -0.062908 0.058344 0.009133 -0.009148 0.086793 -0.026578 0.034010 -0.030910 -0.061639 0.004743 0.104793 0.023743 -0.007202 0.038527 -0.096729 0.006550 
0.105816 -0.058285 -0.150212 0.093142 0.064119 0.018416 0.021273 -0.021194 -0.149514 -0.169711 -0.105330 0.013409 -0.107296 0.092711 0.134314 -0.033977 0.013209 -0.006208 -0.082160 0.056822 -0.014744 0.098781 0.025303 0.040829 -0.007266 0.115092 
0.132846 -0.059706 -0.139265 0.083114 0.053481 0.006170 0.017844 -0.036313 -0.150982 -0.172108 -0.100831 0.004152 -0.187838 0.130891 0.178898 -0.033295 0.007804 0.020637 -0.079462 0.068604 -0.101050 0.096685 0.026363 -0.013120 0.061405 0.154736 
0.107769 -0.049960 -0.142387 0.104331 0.063678 -0.006271 0.028734 -0.017446 -0.158758 -0.180998 -0.100787 0.032312 -0.131870 0.079989 0.094647 -0.000980 -0.000813 0.065485 -0.029206 0.060078 -0.071204 0.049636 0.022749 -0.005186 0.047301 0.067985 
0.061220 -0.010567 -0.124680 0.098574 0.065289 0.009008 0.054462 0.028406 -0.142200 -0.153460 -0.064119 0.078917 -0.049789 -0.024569 0.019801 0.006764 0.031973 0.096277 0.010851 0.004758 0.038979 -0.055614 -0.025189 -0.054922 0.000149 -0.021519 
0.017295 0.042116 -0.099868 0.094204 0.057217 0.016404 0.073955 0.063947 -0.102041 -0.091736 -0.024955 0.110374 0.026009 -0.107438 -0.069693 0.029243 0.043593 0.108073 0.013787 -0.049107 0.060735 -0.121887 -0.051727 -0.102246 0.001177 -0.112772 
0.004135 0.086426 -0.056455 0.099306 0.031090 0.010616 0.091214 0.054499 -0.039872 -0.055822 0.013776 0.039836 0.021418 -0.143535 -0.117531 0.031109 0.040956 0.109084 0.004613 -0.051654 -0.019589 -0.124326 -0.049188 -0.122710 0.052874 -0.036821 
0.002443 0.150016 0.007745 0.120057 0.010701 -0.015642 0.083561 0.070276 0.026141 0.014098 0.023887 -0.045462 0.014230 -0.164610 -0.131049 0.057792 0.049175 0.115542 -0.008995 -0.072425 -0.066168 -0.087099 -0.034804 -0.131704 0.098282 0.028262 
0.008797 0.193783 0.085590 0.134025 -0.003305 -0.047188 0.062401 0.072920 0.085307 0.039298 0.039105 -0.134245 0.006243 -0.151851 -0.076874 0.096556 0.074322 0.114573 -0.048793 -0.084445 -0.106535 -0.015343 -0.008730 -0.114583 0.127638 0.100175 
0.017523 0.185079 0.084139 0.110338 -0.019199 -0.062410 0.041506 0.028619 0.101719 0.008291 0.023698 -0.079781 -0.006443 -0.011327 -0.072203 0.022083 0.029597 0.062603 -0.034403 -0.012832 -0.066207 -0.037687 -0.049556 -0.000880 0.077270 0.087561 
0.036188 0.176680 0.077643 0.070600 -0.036138 -0.077479 0.032172 -0.015188 0.102548 -0.021580 0.006430 -0.004270 -0.021430 0.153289 -0.089006 -0.111232 -0.008677 0.039993 -0.002141 0.099482 -0.018570 -0.070931 -0.093989 0.118040 0.018365 0.028368 
0.051519 0.158121 0.091281 0.046836 -0.047918 -0.075002 0.031141 -0.064753 0.082700 -0.035392 -0.006342 0.031613 -0.034760 0.277604 -0.115891 -0.211626 -0.034846 0.029359 0.034837 0.208102 0.016699 -0.111618 -0.063759 0.139117 -0.005141 0.005914 
-0.048701 -0.003459 0.033767 -0.084698 -0.054196 0.019992 0.005621 -0.033285 -0.077956 -0.068364 0.031577 0.011450 -0.019237 0.008227 -0.053957 0.074456 -0.017169 -0.005167 -0.014644 -0.008665 -0.014666 0.002732 0.007008 -0.013349 -0.019534 -0.046424 
-0.049000 0.000643 0.037711 -0.063636 -0.036228 -0.054157 0.064453 -0.057355 -0.063056 -0.056491 0.022397 -0.010125 0.070471 0.037289 -0.003106 0.029709 0.002409 -0.021774 -0.019379 -0.000002 -0.007529 -0.043157 0.075676 -0.006903 0.000806 0.010661 
0.000530 -0.061667 0.018276 -0.024456 -0.015272 -0.109588 -0.027373 -0.056985 -0.024068 -0.052805 0.022038 0.061678 -0.027050 -0.138336 0.014780 -0.121618 -0.084681 -0.008007 0.129006 -0.111256 -0.161764 0.085319 0.013846 0.038879 0.025445 -0.053644 
0.027703 -0.041697 -0.001838 -0.065515 -0.000730 -0.065928 0.033346 -0.069603 0.022817 -0.034076 -0.008681 0.057780 0.003674 -0.066739 0.014300 -0.005609 0.012356 0.013473 0.108761 -0.028206 -0.086793 0.117667 0.058533 0.025346 0.002546 -0.069455 
0.035653 -0.038881 -0.025838 -0.048112 0.013585 -0.014482 0.051421 -0.059766 0.067294 -0.007222 -0.020446 0.080185 -0.018575 -0.009661 0.023640 0.027505 0.024615 0.032882 0.067028 -0.025885 -0.058695 0.099446 0.038237 0.016107 -0.020360 -0.032885 
0.041932 -0.035210 -0.016679 -0.044935 0.008929 0.033709 0.061303 -0.024380 0.088860 0.053425 -0.039367 0.142663 -0.064484 0.026856 0.038418 0.022303 0.019794 0.045140 -0.030969 -0.011350 -0.029632 0.047689 -0.060994 -0.057319 -0.074835 -0.034625 
0.045472 -0.022018 -0.005834 -0.067312 -0.004567 0.056660 0.083085 -0.007610 0.080859 0.075107 -0.036368 0.142343 -0.043308 0.046739 0.031502 0.061185 0.034706 0.016339 -0.059903 -0.004658 0.010986 0.024107 -0.082957 -0.068623 -0.080320 -0.021450 
0.059693 -0.011340 -0.003573 -0.078843 -0.004933 0.038536 0.086955 -0.037555 0.087170 0.050358 -0.038040 0.157346 -0.031545 0.024086 0.036016 0.053730 0.028739 0.016892 -0.023334 -0.055913 -0.021638 0.069958 -0.050877 -0.067501 -0.080192 -0.047248 
0.052555 -0.020063 -0.006625 -0.078088 0.004838 -0.019298 0.081077 -0.061843 0.058629 0.009257 -0.036979 0.109961 0.001685 -0.021497 0.032221 0.056232 0.039041 0.007189 0.066664 -0.002096 -0.054751 0.140864 0.007328 0.016023 -0.056442 -0.067782 
0.044780 -0.033364 0.002783 -0.072175 0.010448 -0.067338 0.055080 -0.075827 0.008324 -0.035949 -0.028610 0.054187 0.013775 -0.095883 0.012374 -0.001972 -0.015230 -0.002821 0.116808 0.031857 -0.105443 0.178305 0.051398 0.069537 -0.024532 -0.063022 
-0.006570 -0.079670 0.036170 -0.029375 -0.048264 0.000819 -0.095372 -0.067275 -0.053568 -0.051864 -0.001509 0.082171 0.064504 -0.136706 0.049827 -0.136597 -0.078727 -0.085982 -0.033628 -0.065314 -0.132382 -0.054807 -0.077452 0.027232 0.208385 -0.037492 
0.024011 -0.055330 0.008693 -0.076628 -0.024298 0.028683 -0.036098 -0.075492 -0.005143 -0.018840 -0.012370 0.085290 0.033548 -0.066763 0.018452 0.016421 -0.000435 -0.019355 -0.041499 0.007837 -0.057973 -0.056675 -0.010936 0.040138 0.162688 0.016632 
0.032616 -0.046374 -0.018713 -0.056336 -0.001760 0.047689 -0.001275 -0.065080 0.042333 0.019643 -0.029538 0.096634 0.016723 -0.013718 0.042308 0.070288 0.014109 0.008827 -0.035890 0.021771 -0.019409 -0.036936 -0.022100 0.012983 0.102973 0.046713 
0.036591 -0.035964 -0.006126 -0.046776 -0.013208 0.067481 0.034857 -0.037966 0.068165 0.065861 -0.055104 0.133571 0.003143 0.038141 0.079283 0.067109 0.004070 -0.011342 -0.076353 0.026475 0.013236 -0.027786 -0.131465 -0.082366 0.010634 -0.005584 
0.044959 -0.017866 0.000862 -0.071120 -0.015161 0.083996 0.076207 -0.019785 0.068246 0.085682 -0.047814 0.142522 -0.005576 0.058512 0.058945 0.080046 0.025634 -0.017971 -0.092670 0.004505 0.035217 -0.032620 -0.117796 -0.073474 -0.042606 -0.007742 
0.055344 -0.016385 0.002725 -0.082014 -0.017319 0.083795 0.057381 -0.046753 0.066371 0.064992 -0.043405 0.160485 0.005037 0.025707 0.054129 0.080785 0.033023 -0.013509 -0.078346 -0.016050 0.006513 -0.020676 -0.104285 -0.057261 -0.005973 -0.007042 
0.050627 -0.027384 0.001119 -0.084596 -0.016382 0.067375 0.020842 -0.061001 0.026720 0.020246 -0.036219 0.129199 0.012271 -0.030670 0.006434 0.068613 0.023536 -0.019946 -0.070954 0.028391 -0.039951 -0.001898 -0.063140 0.021769 0.067714 0.006992 
0.041677 -0.042368 0.016855 -0.084710 -0.018612 0.046948 -0.029529 -0.077310 -0.024842 -0.031972 -0.020793 0.094571 0.029420 -0.105368 -0.021601 0.003885 -0.010469 -0.047233 -0.071830 0.056511 -0.085751 0.009442 -0.009152 0.053950 0.143837 0.021110 
-0.013423 -0.074828 -0.015317 -0.001549 -0.004683 -0.092818 -0.077760 -0.002022 0.003481 -0.074659 0.039537 -0.061100 -0.063921 -0.080065 -0.021541 -0.121326 -0.030707 -0.009835 0.086590 -0.089196 -0.099046 0.041141 0.057057 0.012827 -0.016483 -0.052965 
-0.013843 -0.075709 -0.028184 -0.000507 0.004708 -0.081545 -0.062509 0.013244 0.008768 -0.088063 0.039517 -0.112589 -0.037808 -0.034544 -0.053862 -0.044959 0.013490 0.003141 0.055878 -0.050164 -0.029120 0.038723 0.051698 0.042915 -0.014888 -0.075547 
-0.011753 -0.079239 -0.038213 -0.004006 0.015018 -0.070288 -0.055774 0.016109 0.020634 -0.085842 0.046427 -0.126511 -0.021111 -0.001399 -0.053007 0.008692 0.041177 0.013941 0.024689 -0.014748 0.025100 0.015375 0.045728 0.012903 -0.031028 -0.054854 
-0.010479 -0.071932 -0.038261 0.004247 0.016546 -0.055085 -0.049990 0.023510 0.028758 -0.068661 0.029881 -0.122370 -0.014842 0.013081 -0.054324 0.031256 0.063073 0.033334 0.005049 0.016230 0.059331 -0.001578 0.057051 -0.010101 -0.041205 -0.031688 
-0.009091 -0.067196 -0.035031 0.021356 0.022548 -0.042424 -0.047293 0.032186 0.039718 -0.015184 -0.005790 -0.102774 -0.011681 0.033626 -0.070340 0.042187 0.087535 0.064763 -0.005602 0.053965 0.110825 -0.021178 0.116508 0.001863 -0.077500 0.021670 
-0.012299 -0.089304 -0.042665 0.029178 0.017099 -0.039321 -0.068534 0.002643 0.073267 -0.014928 0.036618 -0.085495 -0.047371 -0.001057 -0.036001 -0.036941 0.049102 0.007716 0.026032 0.019371 0.049888 0.058390 0.071212 -0.040275 -0.083705 0.078455 
-0.001548 -0.076274 -0.034475 0.003060 0.019145 -0.067384 -0.067661 -0.006585 0.058563 -0.062286 0.035986 -0.099182 -0.060287 -0.019673 -0.037001 -0.026869 0.047918 0.013449 0.054492 -0.037053 0.001181 0.061128 0.075749 -0.056871 -0.062758 0.069948 
-0.004830 -0.077240 -0.024165 0.001645 0.007888 -0.083372 -0.070795 -0.006858 0.044295 -0.069031 0.033877 -0.083041 -0.061765 -0.034820 -0.025864 -0.058493 0.008530 0.001231 0.075038 -0.073067 -0.033273 0.061478 0.063399 -0.050419 -0.048296 0.034289 
-0.014875 -0.087354 -0.001676 -0.003958 -0.019276 -0.025578 -0.102020 -0.011164 -0.024910 -0.053514 0.001588 -0.056322 0.028811 -0.079276 0.047938 -0.069270 -0.032361 -0.077806 0.003459 -0.037245 -0.064360 -0.073346 -0.044112 0.029251 0.122308 -0.032070 
-0.015387 -0.085881 -0.021286 -0.011553 -0.008263 -0.027002 -0.081553 0.004086 -0.005945 -0.072409 0.019072 -0.105205 0.041923 -0.028093 0.029498 0.015381 0.012001 -0.037351 0.006357 0.018688 0.014893 -0.089922 -0.017154 0.037898 0.103127 -0.050563 
-0.014736 -0.089330 -0.032244 -0.011294 0.002994 -0.028672 -0.074300 0.007509 0.005680 -0.065882 0.030216 -0.118034 0.048091 0.002083 0.011123 0.059438 0.033241 -0.015867 -0.014469 0.065022 0.064839 -0.100996 -0.003049 0.012121 0.063774 -0.025771 
-0.012934 -0.083360 -0.034226 -0.005395 0.010538 -0.018965 -0.067767 0.013864 0.006407 -0.045968 0.020045 -0.103570 0.045053 0.018020 -0.000661 0.071994 0.046494 0.000542 -0.046469 0.079313 0.107315 -0.110194 0.012534 -0.007919 0.033404 -0.020681 
-0.011369 -0.069928 -0.034446 0.011921 0.026184 0.000867 -0.050325 0.027567 0.018132 0.005753 -0.017565 -0.070275 0.041952 0.054202 -0.017682 0.082210 0.080904 0.070241 -0.082657 0.089011 0.209192 -0.110419 0.060479 -0.006264 -0.020317 -0.037362 
-0.011030 -0.089991 -0.039808 0.016599 0.021483 -0.016153 -0.085994 -0.007173 0.061053 0.003258 0.005486 -0.067506 0.020920 0.011466 0.009183 0.032324 0.053257 0.024931 -0.017366 0.091627 0.139740 -0.082212 0.010460 -0.032396 -0.006677 0.050465 
0.000076 -0.085093 -0.027875 -0.009943 0.009161 -0.018750 -0.093831 -0.016562 0.033690 -0.032875 0.012263 -0.083757 -0.004434 -0.007226 0.020592 0.036088 0.022827 -0.015184 -0.016172 0.009619 0.064061 -0.079160 0.007347 -0.061042 0.017357 0.115568 
-0.007076 -0.092036 -0.017467 -0.008371 -0.006443 -0.016489 -0.104317 -0.015591 0.019454 -0.034975 0.012615 -0.059881 -0.002407 -0.035118 0.041837 -0.003440 0.002076 -0.054917 -0.017593 -0.012681 0.022232 -0.078017 -0.015818 -0.061593 0.049566 0.081595 
0.011161 0.049032 -0.041690 -0.133129 -0.019233 0.021097 0.155344 0.241230 -0.131833 0.138221 -0.042458 -0.135268 -0.011631 -0.009385 -0.011487 -0.085730 -0.116505 -0.072917 0.031228 -0.067659 -0.119190 -0.017083 0.002688 -0.069826 -0.024373 0.191797 
0.040000 0.004200 -0.053907 -0.102126 0.009115 0.049820 0.140238 0.159592 -0.066825 0.084824 -0.081216 -0.086826 0.010467 0.054306 -0.025642 -0.021637 0.028068 -0.109461 0.004705 -0.038899 0.006430 -0.046856 0.003065 0.017585 -0.141828 0.240364 
0.026770 -0.014633 -0.047356 -0.074528 0.017848 0.020958 0.093549 0.111017 -0.024445 0.042965 -0.075368 -0.077331 0.017260 0.076819 -0.058332 0.037145 0.091713 -0.028277 -0.001747 -0.010865 0.079753 -0.009299 0.040329 0.032957 -0.114132 0.136664 
-0.007566 0.006100 -0.044377 -0.056682 -0.006349 0.043083 0.074119 0.155135 -0.077997 0.068969 -0.066859 -0.088716 0.014933 0.052060 -0.048378 -0.079480 -0.009112 0.002221 0.002327 -0.020391 -0.024987 0.046513 -0.027331 0.033724 -0.003870 -0.073920 
-0.032035 0.038093 -0.050127 -0.005739 0.021057 0.067164 0.027945 0.113170 -0.070919 0.061164 -0.062691 -0.083908 0.007307 0.081105 0.008689 -0.056961 0.004260 0.088084 -0.002775 -0.043512 -0.065090 0.022281 -0.045325 0.041106 0.077715 -0.190585 
-0.020956 0.066123 -0.042886 -0.047288 0.015695 0.055726 0.052455 0.136986 -0.084769 0.082302 -0.045942 -0.105536 -0.014296 0.059174 0.016451 -0.072798 -0.029157 0.060518 -0.001741 -0.037417 -0.055958 0.037697 0.005039 0.031375 0.056861 -0.116676 
-0.012899 0.076103 -0.032243 -0.062898 0.019944 0.015871 0.072699 0.157227 -0.068127 0.101328 -0.026093 -0.105204 -0.029000 0.053240 -0.002604 -0.069859 -0.049539 0.017063 0.016679 -0.025651 -0.018069 0.056724 0.024165 0.031846 0.055428 -0.072103 
-0.014789 0.073241 -0.035419 -0.036061 0.026033 -0.005653 0.089088 0.131770 -0.050095 0.087472 -0.028560 -0.081908 -0.066269 0.036747 0.033113 -0.053674 -0.078492 0.024421 -0.018858 -0.035258 -0.002885 0.020762 -0.004352 0.056065 0.060677 -0.094516 
-0.020804 0.052481 -0.043368 -0.006595 0.038573 -0.021066 0.087783 0.096808 -0.044941 0.060864 -0.048577 -0.061845 -0.050112 0.053269 0.029815 -0.037411 -0.057408 0.030359 0.008309 -0.044110 0.010143 -0.023855 -0.050597 0.060242 0.143576 -0.185988 
-0.002339 0.001621 -0.039724 -0.037675 0.016720 -0.004937 0.079603 0.135550 -0.071165 0.060262 -0.060620 -0.073154 -0.005127 0.037986 -0.010698 -0.046015 -0.027783 -0.021590 0.033175 -0.000763 0.018486 -0.013410 -0.052420 0.058690 0.048873 -0.059378 
0.026589 -0.015491 -0.047783 -0.071984 0.022358 0.038283 0.089324 0.113790 -0.040188 0.052336 -0.068835 -0.069614 0.024361 0.070403 -0.012272 0.049917 0.068037 -0.034744 -0.022640 -0.000043 0.109336 -0.045060 -0.003403 0.026225 -0.098785 0.136837 
-0.045626 0.125220 -0.055431 0.060517 0.018715 0.137447 -0.102400 -0.188529 -0.040249 0.044879 -0.156238 -0.045642 0.037320 -0.045767 0.027351 0.086894 -0.022491 0.186000 0.071762 -0.079319 -0.126871 -0.055676 -0.005098 0.019135 -0.110440 -0.145476 
0.003945 0.135442 -0.081219 0.043555 -0.033900 0.052274 -0.117255 -0.102685 -0.045477 0.017664 0.046921 0.026245 0.092018 -0.048918 -0.032271 0.056723 0.046160 0.049512 0.074501 0.001284 -0.034036 -0.037146 -0.080267 0.055348 -0.114891 0.035332 
0.020851 0.120436 -0.077442 0.030757 -0.047328 -0.008911 -0.096968 -0.045191 -0.028711 0.006247 0.137251 0.066674 0.082410 -0.048664 -0.019455 0.016707 0.051400 -0.009590 0.025873 0.013974 0.001260 0.009552 -0.086307 0.061548 -0.050115 0.076539 
0.025082 0.115547 -0.081135 0.030992 -0.051047 -0.043236 -0.076566 -0.027151 -0.012827 0.010024 0.167878 0.083204 0.070397 -0.036650 -0.018782 -0.004592 0.053982 -0.044618 -0.001615 0.011907 0.030806 0.033815 -0.071697 0.051286 -0.009590 0.080011 
0.025620 0.121903 -0.083911 0.038143 -0.042059 -0.073441 -0.049732 -0.041308 0.003018 0.008276 0.156618 0.081337 0.030461 -0.040733 -0.016012 -0.001327 0.036566 -0.057973 -0.014549 0.023228 0.060049 0.044310 -0.039089 0.038563 -0.007669 0.090276 
0.011227 0.138376 -0.091758 0.056269 -0.011019 -0.087766 -0.008268 -0.104053 0.028819 0.016456 0.081532 0.066044 -0.022198 -0.041448 -0.053769 -0.012176 0.000706 -0.090372 -0.050052 0.007712 0.116375 0.057332 0.021187 0.019839 -0.014548 0.062468 
-0.036813 0.136762 -0.074256 0.077682 0.068277 -0.087337 0.054577 -0.198854 0.055242 0.047126 -0.083777 0.018334 -0.083435 -0.027408 -0.031210 -0.042114 -0.079982 -0.059556 -0.129155 -0.085375 0.122981 0.046639 0.175279 -0.048227 0.050305 -0.091231 
-0.047845 0.138918 -0.067249 0.016660 0.089544 -0.080309 0.034013 -0.067286 0.011714 0.018121 -0.038855 0.029583 -0.086659 0.039546 0.022074 -0.024710 -0.083877 -0.058872 -0.094128 -0.014129 0.056548 -0.006567 0.082696 -0.068097 0.116633 -0.046502 
-0.044613 0.123939 -0.049419 -0.009781 0.079121 -0.044464 0.016078 0.003333 -0.020838 0.012984 0.006294 0.018610 -0.064152 0.060129 0.050754 -0.008987 -0.046211 -0.017354 -0.064644 0.022659 -0.020846 -0.010210 0.073241 -0.068338 0.093572 -0.032195 
-0.052230 0.123994 -0.047616 -0.014347 0.088376 -0.008903 -0.037027 0.017748 -0.032491 0.008542 0.011929 0.015608 -0.032047 0.062901 0.049059 -0.000493 -0.021512 0.013194 -0.036408 0.037948 -0.074589 -0.016949 0.070786 -0.107175 0.047759 -0.039042 
-0.049391 0.114792 -0.050099 -0.018770 0.061045 0.041560 -0.041727 0.003723 -0.056522 0.010710 -0.018692 -0.014853 -0.004940 0.060538 0.048725 0.011252 -0.016308 0.059619 -0.003406 0.024216 -0.089271 -0.027023 0.038102 -0.068570 0.017507 -0.046783 
-0.056886 0.125396 -0.063390 0.003688 0.054192 0.089872 -0.081198 -0.059905 -0.063175 0.018753 -0.080573 -0.027497 0.020687 0.039773 0.049189 0.028892 -0.010932 0.122487 0.024218 -0.001786 -0.109380 -0.059625 -0.010708 -0.059809 -0.021462 -0.069445 
0.010552 0.136954 -0.105528 0.050662 -0.011774 0.031032 -0.116085 -0.076684 -0.060611 0.029817 0.072578 0.024914 0.058502 -0.038907 -0.010623 0.042066 0.080814 -0.015242 0.063887 0.013297 0.008043 -0.014566 -0.063431 0.087761 -0.078252 0.048674 
0.015026 0.125729 -0.105372 0.046537 0.006299 -0.041606 -0.081842 -0.019592 -0.045771 0.014765 0.135051 0.049620 0.025903 -0.026681 0.004226 0.006179 0.097138 -0.054768 0.015877 0.017330 0.026432 0.033846 -0.050526 0.103234 -0.012985 0.089231 
0.013844 0.142520 -0.111943 0.061949 0.013472 -0.080137 -0.027565 -0.074834 -0.010830 0.012445 0.095385 0.053739 -0.016528 -0.033604 -0.016544 -0.030435 0.061941 -0.091378 -0.033601 0.020934 0.078592 0.046485 -0.017560 0.070908 -0.032294 0.060076 
-0.036717 0.130411 -0.068720 0.027289 0.105659 -0.072051 -0.007441 -0.038832 -0.008422 -0.017093 -0.004104 0.052693 -0.055803 0.028384 0.017519 -0.015264 -0.086034 -0.085830 -0.032356 0.044490 0.029087 -0.017597 0.034528 -0.047880 0.058275 -0.000623 
-0.040256 0.119544 -0.056651 -0.000755 0.110905 -0.029128 -0.065219 0.023076 -0.031497 -0.031451 0.026060 0.033338 -0.003959 0.039798 0.045543 0.025929 -0.040655 -0.027071 -0.024456 0.073570 -0.072801 -0.025337 0.017336 -0.074803 0.013090 0.066084 
-0.041727 0.124707 -0.069837 0.012007 0.075334 0.050612 -0.086999 -0.041106 -0.051163 -0.008231 -0.034063 0.005451 0.036924 0.018862 0.022743 0.016940 -0.021432 0.053603 0.017016 0.037372 -0.116973 -0.072540 -0.029998 -0.027377 -0.051237 -0.003306 
-0.056960 -0.062261 0.110779 0.085215 0.009694 -0.086442 -0.013397 -0.030165 -0.038644 0.067325 0.065639 0.088885 -0.040805 -0.005682 -0.085726 -0.072400 -0.204699 0.119783 -0.008457 0.071828 0.027277 -0.005861 -0.135477 0.021893 -0.071472 0.045662 
-0.080563 -0.062773 0.121935 0.079214 0.005699 -0.067889 0.023917 -0.015048 -0.067065 0.086024 0.082386 0.088597 -0.027652 -0.023330 -0.048702 0.004456 -0.171518 0.083342 -0.053184 0.020007 0.035330 0.016309 -0.064371 0.051906 -0.082704 0.027990 
-0.087898 -0.063448 0.136587 0.088094 0.023979 -0.060066 0.069385 0.012042 -0.104337 0.106568 0.080196 0.069865 -0.001942 -0.029726 0.014187 0.094803 -0.122076 0.026231 -0.059615 -0.006145 0.006464 0.011744 -0.006736 0.084607 -0.075079 0.062044 
-0.082290 -0.063630 0.160069 0.100356 0.045251 -0.019930 0.112622 0.010605 -0.118552 0.117938 0.080336 0.034155 -0.009595 -0.010126 0.071238 0.155897 -0.015723 -0.027524 -0.077451 0.023700 -0.010905 -0.047676 0.001823 0.125908 -0.046635 0.090715 
-0.057212 -0.051364 0.164044 0.096649 0.021126 0.035645 0.111560 -0.010560 -0.036572 0.053157 0.047768 0.004195 -0.055523 0.017444 0.036637 0.119321 0.096339 -0.112043 -0.036850 0.036823 -0.042160 -0.120612 -0.018150 0.139562 0.007463 0.024205 
-0.025154 -0.040874 0.159266 0.084904 -0.010744 0.075247 0.089292 -0.028309 0.035114 -0.023173 0.008360 -0.036538 -0.094740 0.027358 0.018723 0.059698 0.155946 -0.154736 0.005455 0.031055 -0.070623 -0.144596 -0.049722 0.147816 0.058196 -0.043653 
0.018509 -0.012545 0.132795 0.053950 -0.061357 0.098996 0.060743 -0.017536 0.078878 -0.100014 -0.035405 -0.058487 -0.091093 -0.023462 0.008244 -0.008233 0.107108 -0.163432 0.047498 -0.002608 -0.029437 -0.122433 -0.076057 0.108139 0.056512 -0.038328 
0.076046 0.013497 0.089392 0.016547 -0.109178 0.071370 0.042262 0.043224 0.103771 -0.137498 -0.059417 -0.016833 -0.030921 -0.063695 -0.007323 -0.011901 -0.012852 -0.076546 0.042082 -0.012633 0.044637 -0.073542 -0.054758 0.031517 0.003844 -0.038718 
0.149754 0.018146 0.053813 -0.012087 -0.158525 0.015455 0.042590 0.130409 0.129820 -0.169094 -0.072131 0.038050 0.067109 -0.086437 -0.032223 0.035400 -0.147691 0.048468 0.016425 0.021575 0.103081 -0.013779 0.005823 -0.032459 -0.029044 -0.034635 
0.184411 0.008127 0.030210 -0.013874 -0.165262 -0.024498 0.046872 0.172380 0.134021 -0.192783 -0.103696 0.066048 0.124965 -0.086429 -0.054533 0.039981 -0.196876 0.137713 -0.001809 0.053637 0.109949 0.043495 0.049276 -0.042132 -0.052180 -0.009575 
0.157834 0.023763 0.051159 -0.015757 -0.154571 -0.011023 0.051648 0.114427 0.137777 -0.173892 -0.085971 0.044671 0.074691 -0.055700 -0.018489 -0.016633 -0.122485 0.110099 -0.003511 0.029863 0.058588 0.046955 0.039383 -0.097571 -0.056930 0.051047 
0.085733 0.022725 0.087494 0.016568 -0.105169 0.026642 0.067761 0.014955 0.130402 -0.148253 -0.067194 -0.002968 -0.010333 -0.021924 -0.013735 -0.085417 0.034191 0.009798 0.023428 -0.010581 -0.035091 0.016108 0.002231 -0.086485 -0.023130 0.063697 
0.027512 -0.003103 0.132598 0.053586 -0.061954 0.063256 0.077065 -0.045716 0.115190 -0.126163 -0.043073 -0.052844 -0.068220 0.023490 -0.017354 -0.100714 0.170616 -0.054540 0.039677 -0.030672 -0.106771 -0.001190 -0.029850 -0.049730 0.027479 0.024224 
-0.019649 -0.034295 0.165511 0.076933 -0.028050 0.091697 0.068568 -0.049221 0.065310 -0.062883 0.001273 -0.048645 -0.069414 0.087688 -0.025271 -0.054497 0.230700 -0.044018 0.031547 -0.039848 -0.096778 0.027360 -0.009180 -0.053280 0.043143 -0.039127 
-0.051678 -0.047645 0.176842 0.079730 -0.010833 0.091652 0.050437 -0.023050 -0.017118 0.018028 0.040791 -0.023625 -0.014762 0.109921 -0.011864 -0.016849 0.167325 0.002024 0.022054 -0.045272 -0.038785 0.076558 0.039827 -0.092524 0.011269 0.010903 
-0.079611 -0.055124 0.165400 0.081762 0.011335 0.060937 0.024406 0.008867 -0.109484 0.083968 0.058097 0.013511 0.078608 0.081172 0.019107 0.029639 0.000985 0.064540 0.021161 -0.047845 0.032109 0.125766 0.083885 -0.113770 -0.011560 0.036936 
-0.086435 -0.057923 0.152547 0.071315 0.009764 0.033895 -0.004204 0.011366 -0.128333 0.086518 0.051605 0.052466 0.107998 0.072741 0.005352 0.004651 -0.102369 0.070411 0.017855 -0.024547 0.082742 0.104858 0.112346 -0.082625 -0.026716 -0.005863 
-0.081590 -0.059677 0.132056 0.069848 -0.003708 0.032867 -0.047324 -0.011699 -0.104897 0.069480 0.050347 0.046380 0.103460 0.067774 -0.054773 -0.083947 -0.148122 0.097790 0.034861 0.015765 0.097214 0.066791 0.062145 -0.024812 -0.020315 -0.003049 
-0.060335 -0.066947 0.118607 0.084330 -0.001836 0.035630 -0.091154 -0.040993 -0.082277 0.044335 0.037075 0.034252 0.093372 0.069742 -0.115318 -0.171097 -0.173115 0.095477 0.054100 0.069754 0.074868 0.024825 0.041319 -0.009472 0.010078 0.006166 
-0.009658 -0.076465 -0.032039 0.006678 0.012284 -0.066530 -0.062540 0.009028 0.034685 -0.059832 0.032007 -0.099133 -0.039848 -0.015606 -0.043993 -0.025807 0.035015 0.015968 0.040271 -0.021833 0.010611 0.031685 0.067300 -0.010895 -0.046983 -0.001337 
-0.010916 -0.085372 -0.026129 -0.002749 0.004547 -0.018843 -0.082514 0.000317 0.014195 -0.037077 0.010465 -0.083069 0.027489 -0.007993 0.017729 0.028091 0.027305 -0.013176 -0.023114 0.037919 0.069739 -0.090533 0.001336 -0.011243 0.045318 0.010148 
# The variances of the components (eigenvalues) of identity or combined identity and expression model
1
26
5
224.209222 168.143359 116.794185 76.101886 61.839397 51.271167 45.392453 43.981875 36.946871 30.796269 28.642807 22.395180 20.680629 16.898159 14.840639 14.391239 12.674343 11.573759 10.390872 9.665482 9.206705 8.103109 7.855256 7.107313 6.440377 5.997667 
