# The mean values of the components (in mm)
246
1
5
-58.028034 
-47.311299 
-36.421320 
-25.495686 
-14.606838 
-23.902559 
-36.541503 
-48.933590 
57.809700 
47.208409 
36.397031 
25.504526 
14.637592 
24.035484 
36.611913 
48.871064 
-46.058573 
-40.185009 
-33.617069 
-26.949802 
-20.558917 
-26.019196 
-32.952812 
-39.970687 
45.695924 
39.854194 
33.372864 
26.785872 
20.454060 
25.822554 
32.723767 
39.691545 
-0.081072 
-0.191548 
-7.345366 
-14.740174 
-20.573884 
-9.897063 
-0.129489 
9.618343 
20.207875 
14.620508 
7.002517 
-24.723296 
-18.036913 
-9.778252 
-0.017227 
9.653145 
17.827355 
24.237716 
16.163750 
6.798227 
-0.050608 
-7.089732 
-16.504882 
-12.781032 
-0.072555 
12.458624 
12.370593 
-0.021060 
-12.451288 
-69.777466 
-70.238203 
-68.918118 
-65.637156 
-60.540053 
-52.667108 
-42.123686 
-29.870057 
-15.898482 
0.291790 
16.456328 
30.440716 
42.614544 
53.134338 
61.038431 
66.176046 
69.556981 
71.048563 
70.744674 
-32.614450 
32.385550 
-49.797498 
-50.935547 
-51.144683 
-50.282837 
-49.724999 
-57.874360 
-59.993329 
-58.205693 
-48.434978 
-49.876420 
-50.310742 
-49.712672 
-49.481654 
-57.373133 
-59.259489 
-57.193931 
-30.850926 
-28.329745 
-27.308571 
-27.737622 
-29.257083 
-33.208383 
-34.607537 
-33.891657 
-29.984993 
-27.620252 
-26.727583 
-27.286568 
-28.869350 
-32.762160 
-34.053703 
-33.154387 
4.921950 
-27.986412 
-28.118146 
-0.239318 
10.413285 
16.086214 
17.756861 
16.350758 
10.864822 
-0.117125 
-27.806755 
40.867858 
47.726268 
52.777326 
54.496562 
52.867275 
47.917156 
40.993902 
36.065715 
32.093397 
33.880800 
32.012946 
35.869932 
43.334916 
44.698904 
43.433443 
39.693304 
39.885334 
39.574405 
-30.387871 
-14.007488 
2.415405 
18.605913 
34.340335 
48.873279 
61.627895 
72.677065 
81.232958 
84.423097 
81.616480 
73.506169 
62.727868 
50.173040 
35.776115 
20.123105 
3.977326 
-12.399327 
-28.760823 
-31.100999 
-30.502634 
8.790640 
9.109944 
9.209792 
9.122140 
8.760316 
9.886991 
10.093901 
9.532723 
5.175584 
5.920610 
6.568499 
7.113761 
7.457805 
7.947925 
7.556177 
6.576779 
4.404822 
4.392687 
4.358220 
4.295841 
4.266174 
5.116160 
5.268202 
5.036770 
2.144565 
2.523062 
2.866924 
3.132110 
3.272803 
3.609781 
3.408189 
2.941919 
2.061850 
3.541275 
3.887252 
1.655102 
0.935031 
0.406471 
0.152029 
-0.231222 
-0.398618 
0.794082 
3.199875 
-4.771909 
-5.358886 
-6.137647 
-6.661789 
-6.379043 
-5.965212 
-5.563947 
-4.129532 
-3.132137 
-3.283968 
-2.897788 
-3.544253 
-3.831352 
-3.999348 
-4.315385 
-5.006074 
-4.843010 
-4.502890 
2.876781 
0.792499 
-1.399223 
-3.645264 
-5.649117 
-7.630806 
-9.488757 
-10.865554 
-12.070539 
-12.772792 
-12.887161 
-12.559896 
-11.918977 
-10.696184 
-8.728027 
-6.422547 
-4.082269 
-1.861873 
0.241159 
4.392101 
2.835669 
# The principal components (eigenvectors) of identity or combined identity and expression model
246
27
5
0.071072 -0.049660 0.014461 0.062799 0.012341 -0.014744 -0.121909 -0.103952 0.003849 -0.049594 -0.133115 0.042130 -0.051705 -0.014916 -0.118478 -0.165415 -0.179627 0.091477 0.090574 0.154742 0.137541 -0.019046 -0.062215 0.074418 -0.042348 -0.054005 -0.000995 
0.037153 -0.044930 0.007802 0.067758 0.018272 0.007599 -0.112430 -0.093936 0.005794 -0.037217 -0.127859 0.028503 -0.047830 -0.020704 -0.019045 -0.139351 -0.099984 0.078856 0.074349 0.111152 0.065789 0.011145 -0.009334 0.038692 -0.028064 -0.024095 -0.003372 
0.003587 -0.042001 0.002160 0.068562 0.024485 0.027776 -0.101391 -0.083298 0.006022 -0.024291 -0.119549 0.013332 -0.048353 -0.022432 0.076402 -0.108244 -0.012471 0.058614 0.053993 0.061558 -0.004074 0.053179 0.043201 -0.006421 -0.005088 0.001235 -0.001362 
-0.029242 -0.040919 -0.002412 0.068037 0.030282 0.046916 -0.090174 -0.072890 0.006504 -0.009566 -0.104678 -0.003339 -0.053593 -0.019818 0.164968 -0.070797 0.078316 0.035016 0.033164 0.012664 -0.072802 0.105310 0.093337 -0.055705 0.024846 0.023297 0.003342 
-0.062644 -0.039918 -0.006410 0.066815 0.036867 0.064966 -0.081972 -0.061185 0.006524 0.008933 -0.088850 -0.020028 -0.059884 -0.017824 0.252565 -0.036038 0.168082 0.012397 0.011972 -0.033259 -0.137852 0.149355 0.140525 -0.101765 0.053143 0.041485 0.008491 
-0.038804 -0.037539 -0.005075 0.072198 0.029533 0.044097 -0.098253 -0.081672 -0.007030 -0.022475 -0.127096 -0.011340 -0.050467 -0.032645 0.215293 -0.087687 0.103001 0.042791 0.010760 -0.007575 -0.038802 0.105885 0.115744 -0.038652 0.012798 0.032117 -0.001248 
-0.006551 -0.035267 -0.006093 0.069816 0.022249 0.022330 -0.104959 -0.082749 0.015409 -0.026571 -0.141420 0.030304 -0.051053 -0.046695 0.115657 -0.134329 -0.026571 0.074703 0.009960 0.066758 0.042936 0.016514 0.047596 0.021765 -0.037320 0.000882 0.001087 
0.028315 -0.039901 -0.001432 0.061545 0.009960 0.001443 -0.105370 -0.089478 0.026494 -0.034073 -0.146436 0.059946 -0.061252 -0.046143 -0.011482 -0.158399 -0.134036 0.089484 0.022892 0.129817 0.120592 -0.031180 -0.012917 0.059823 -0.065454 -0.029756 0.011598 
0.049333 0.068929 0.014902 -0.080660 -0.015052 0.052910 0.120024 0.053951 -0.022881 -0.002266 0.137353 -0.171541 0.075074 -0.006170 0.143938 -0.004001 0.127305 0.102054 0.041404 -0.015493 0.080336 -0.108958 0.172348 0.146927 -0.059108 -0.074822 -0.029326 
0.018740 0.052967 0.012375 -0.071927 -0.026304 0.032632 0.109887 0.052984 -0.008377 -0.008455 0.120939 -0.113563 0.030592 0.032068 0.062775 0.002957 0.072889 0.057489 0.018864 0.058671 0.081858 -0.077509 0.109984 0.069574 -0.060285 -0.043149 -0.001345 
-0.010954 0.038626 0.007802 -0.060485 -0.033755 0.013648 0.098277 0.054564 0.006417 -0.014217 0.103492 -0.045951 -0.016102 0.069831 -0.016026 0.013881 0.017466 0.011463 -0.006253 0.133820 0.070750 -0.055352 0.040570 -0.009700 -0.055742 -0.011159 0.025196 
-0.039620 0.026009 0.002310 -0.049983 -0.036441 -0.004897 0.085591 0.057442 0.020497 -0.022374 0.080995 0.027654 -0.063417 0.106245 -0.087704 0.025337 -0.038411 -0.035723 -0.036077 0.205674 0.055132 -0.042989 -0.030173 -0.088520 -0.050134 0.018160 0.051163 
-0.068580 0.013790 -0.003241 -0.039684 -0.040201 -0.023547 0.073853 0.061071 0.030369 -0.034108 0.058738 0.096729 -0.104624 0.142271 -0.160583 0.036575 -0.093510 -0.079296 -0.056565 0.269711 0.039651 -0.023714 -0.098247 -0.165151 -0.040686 0.051871 0.073636 
-0.049319 0.023521 0.006732 -0.054913 -0.051209 0.003652 0.102441 0.071102 0.025799 -0.013815 0.105827 0.015561 -0.040174 0.109468 -0.144313 0.004473 -0.066836 -0.020004 0.004594 0.232076 0.019312 -0.036346 -0.042242 -0.083540 -0.061917 0.035183 0.026268 
-0.020250 0.032223 0.019285 -0.064984 -0.042321 0.022547 0.106980 0.058824 -0.011848 -0.019728 0.126623 -0.086841 0.009004 0.082320 -0.062204 -0.007778 0.024892 0.027140 0.065628 0.147146 0.037436 -0.018004 0.042839 0.003127 -0.052914 -0.004096 -0.001745 
0.011621 0.047437 0.026945 -0.072623 -0.023932 0.043762 0.111095 0.052732 -0.034472 -0.019003 0.136444 -0.156714 0.047475 0.045909 0.043975 -0.012778 0.109613 0.066989 0.091806 0.057224 0.031070 -0.031892 0.115240 0.082460 -0.045550 -0.044191 -0.029653 
0.018668 -0.023759 0.002883 0.073613 -0.002906 0.064588 -0.086130 -0.043598 -0.006305 -0.022121 0.021047 -0.022785 0.055777 -0.022871 -0.065004 0.244241 0.074566 -0.002775 0.002808 0.032430 0.000548 -0.124532 -0.121831 0.058473 0.103886 -0.015598 -0.047701 
0.008498 -0.027026 0.011864 0.068549 -0.008756 0.062130 -0.093711 -0.048215 0.013592 -0.010913 0.029043 -0.023854 0.035290 -0.009394 -0.073409 0.200618 0.075672 -0.022963 -0.008721 0.000508 -0.002551 -0.082076 -0.093771 0.032608 0.074171 -0.012238 -0.054074 
-0.001525 -0.022359 0.011007 0.059527 -0.008120 0.048451 -0.079195 -0.046425 0.021383 -0.016081 0.017901 -0.029350 0.017032 0.009200 -0.081905 0.151759 0.074587 -0.043032 -0.028190 -0.042821 0.003933 -0.054141 -0.059765 0.012589 0.039036 -0.024297 -0.054102 
-0.012310 -0.015937 0.006491 0.047701 -0.000018 0.028340 -0.061700 -0.042698 0.026701 -0.026513 0.000289 -0.033771 -0.009026 0.030643 -0.088234 0.097689 0.074806 -0.064866 -0.050385 -0.087798 0.015695 -0.031564 -0.029125 -0.007988 0.005302 -0.048718 -0.047636 
-0.023588 -0.011089 0.003279 0.035358 0.014455 0.007563 -0.051859 -0.039954 0.035741 -0.035766 -0.013400 -0.040540 -0.038966 0.051672 -0.094145 0.040354 0.072567 -0.082481 -0.072439 -0.130940 0.031010 -0.013321 -0.004575 -0.033822 -0.023222 -0.082303 -0.041661 
-0.015753 -0.005909 -0.002356 0.041748 0.019902 0.006513 -0.040916 -0.037400 0.004529 -0.055053 -0.047354 -0.068759 -0.014400 0.047742 -0.102880 0.074333 0.059397 -0.073244 -0.069898 -0.123669 0.028037 -0.066104 -0.041073 0.003898 -0.001708 -0.086765 -0.047703 
-0.005698 -0.007569 -0.000638 0.050555 0.017818 0.026031 -0.059415 -0.039242 0.004811 -0.050536 -0.018802 -0.051148 0.023898 0.021066 -0.084618 0.131947 0.063099 -0.043136 -0.041632 -0.074694 0.025939 -0.100612 -0.076514 0.028719 0.029650 -0.062519 -0.057135 
0.004607 -0.014732 0.002311 0.062812 0.009942 0.048498 -0.081596 -0.041217 0.009663 -0.033830 0.019569 -0.026116 0.051276 -0.007345 -0.064528 0.193480 0.071392 -0.015852 -0.012152 -0.015707 0.020049 -0.120516 -0.106702 0.046438 0.068612 -0.035053 -0.057212 
0.010789 0.032903 0.017591 -0.100770 -0.002214 -0.054650 0.087092 -0.004225 0.023532 0.038827 -0.024898 0.010559 0.015484 0.017106 0.047896 -0.113169 -0.125335 -0.044828 -0.064964 -0.216976 -0.065470 0.065778 -0.031924 0.020390 0.005133 -0.005531 0.022383 
0.001992 0.032119 0.007363 -0.092520 0.000943 -0.052544 0.089211 0.001369 0.005288 0.030964 -0.034463 0.025559 0.014064 0.006203 0.057608 -0.058195 -0.117233 -0.031450 -0.060199 -0.169633 -0.069078 0.036769 -0.027699 0.016943 0.015460 0.018853 0.035401 
-0.006420 0.024308 0.004938 -0.080366 0.002031 -0.041499 0.074053 0.001290 -0.002452 0.034506 -0.024342 0.039935 0.017064 -0.009764 0.068327 -0.010652 -0.108631 -0.014575 -0.038153 -0.111552 -0.074151 0.016731 -0.037731 0.013753 0.037970 0.045784 0.040919 
-0.016171 0.013893 0.004779 -0.065483 0.001744 -0.026996 0.055586 0.001915 -0.008091 0.042057 -0.004103 0.055525 0.022761 -0.027791 0.078981 0.035247 -0.099675 0.001816 -0.006922 -0.052074 -0.080510 -0.000195 -0.051208 0.007359 0.070275 0.074124 0.042944 
-0.027308 0.004465 0.002010 -0.050564 -0.000660 -0.015425 0.043470 0.004477 -0.015844 0.048625 0.017369 0.071208 0.033574 -0.044622 0.091769 0.081648 -0.091578 0.015436 0.026657 0.004866 -0.084246 -0.020091 -0.062262 0.003663 0.105468 0.105553 0.047241 
-0.022471 0.005278 0.017527 -0.060820 -0.024261 -0.006066 0.032001 -0.008007 0.016814 0.071787 0.048586 0.069318 0.064251 -0.053091 0.094452 0.040032 -0.104563 0.018338 0.020640 -0.049029 -0.073573 0.012583 -0.074658 0.028320 0.092992 0.118617 0.018564 
-0.013543 0.012017 0.019967 -0.073024 -0.029638 -0.022597 0.053540 -0.011569 0.015970 0.066623 0.017768 0.033503 0.058405 -0.030779 0.073543 -0.019542 -0.124596 -0.001570 -0.006131 -0.114133 -0.067447 0.033185 -0.054951 0.033973 0.065371 0.098036 0.012085 
-0.003502 0.021815 0.017302 -0.086566 -0.019833 -0.043792 0.077584 -0.009689 0.010371 0.049055 -0.021605 0.003966 0.035953 0.000086 0.053800 -0.076538 -0.135672 -0.026692 -0.037987 -0.180365 -0.065008 0.047794 -0.036580 0.027217 0.039767 0.048765 0.016755 
-0.168306 -0.019299 -0.021771 0.000326 0.019787 -0.034374 -0.003235 0.048108 -0.012984 0.016064 -0.016174 0.089338 -0.037372 0.002152 -0.040911 0.066621 0.053881 0.012038 -0.002161 -0.052430 -0.016753 0.029753 0.146296 -0.137689 -0.060103 0.085385 -0.093751 
-0.078550 -0.009524 -0.008247 0.001942 0.030600 -0.025255 -0.012909 -0.004709 -0.009894 -0.004446 0.004065 0.014167 -0.016897 0.000288 0.007564 0.056711 -0.017622 -0.030613 0.016660 -0.029850 0.005191 -0.025881 0.064138 -0.086180 -0.006838 0.046584 -0.000719 
-0.075856 -0.023822 0.046922 0.006899 0.080573 0.074645 -0.176498 -0.062007 0.020400 0.045387 0.175349 0.054917 -0.053974 -0.019305 -0.095760 -0.095134 -0.038091 -0.038470 -0.032407 -0.026909 -0.391308 -0.233999 0.166152 -0.112291 -0.099646 -0.013319 -0.179801 
-0.099563 -0.011651 -0.031574 0.024081 0.002469 -0.022113 -0.018493 0.022340 -0.044357 0.011588 0.041881 0.043488 -0.071668 -0.010925 -0.063175 0.059700 -0.018001 0.018483 -0.105523 -0.088554 0.117753 0.025867 0.226986 -0.077336 0.034927 0.029623 -0.015166 
-0.078284 -0.005500 -0.038871 0.027067 0.006169 -0.030217 -0.040806 0.020369 -0.034597 -0.020148 0.055742 0.028022 -0.124147 -0.001275 -0.028822 0.033168 -0.025846 -0.003591 -0.134530 -0.038020 0.033220 0.075268 0.029456 -0.126994 -0.043325 0.029385 -0.008865 
-0.105801 -0.021708 -0.021368 0.033058 -0.009489 -0.010531 -0.032128 0.024046 -0.056188 0.000259 0.006773 0.037442 -0.090293 0.011032 -0.011338 0.059212 0.002753 -0.037194 -0.102962 -0.003238 -0.014631 0.095656 0.039141 -0.129553 -0.031908 0.046480 0.014187 
-0.121308 -0.014698 -0.017803 0.006386 0.011507 -0.016151 -0.003514 0.035468 -0.020759 0.014857 -0.002118 0.052870 -0.050963 -0.008505 -0.023459 0.037495 0.042025 -0.024945 -0.034994 0.001624 -0.017618 0.079956 0.065828 -0.065639 -0.059273 0.047741 0.010153 
-0.108157 -0.005663 -0.011342 -0.020712 0.050545 -0.026396 0.038268 0.043233 0.020235 0.020289 -0.005043 0.080369 0.015762 -0.021610 -0.037395 0.029150 0.085642 -0.012263 0.025322 0.006535 -0.049458 0.062095 0.089962 0.002622 -0.069512 0.037368 -0.008277 
-0.079282 -0.017240 0.005683 -0.020253 0.059153 -0.034409 0.024271 0.030371 -0.012832 0.029920 -0.026963 0.051817 0.092014 -0.017361 0.005387 0.030688 0.052730 -0.029334 0.072687 0.034897 -0.054202 0.008132 0.079992 0.035079 -0.025503 0.017349 0.015638 
-0.101333 -0.011170 -0.002657 -0.022467 0.075147 -0.060573 0.002255 0.027597 -0.029619 -0.000387 -0.022065 0.031399 0.059947 -0.019719 0.016029 -0.000792 0.028345 -0.040233 0.100226 0.049355 -0.100779 -0.014044 -0.052484 -0.036081 -0.099283 0.061066 -0.016401 
-0.081215 0.004787 -0.062818 -0.003581 -0.018385 -0.123697 0.148668 0.052111 -0.040028 -0.053514 -0.165056 -0.026193 0.020316 0.020016 0.109082 0.205600 0.002089 -0.023177 0.065705 -0.032679 0.394757 0.178009 -0.036295 -0.060426 0.084257 0.105433 0.175479 
-0.029722 0.011350 -0.072376 0.065345 -0.066858 -0.053888 -0.020662 -0.019926 -0.141561 0.049174 0.115056 -0.017186 -0.107256 0.111708 -0.010525 -0.046835 -0.003428 0.144412 -0.111131 -0.001378 0.019171 0.028693 -0.033760 0.223753 0.076211 0.058253 0.050765 
-0.052407 -0.001098 -0.089330 0.021777 -0.061370 0.010218 -0.011433 -0.018966 -0.112543 0.068308 0.075764 -0.017688 -0.063870 0.070861 -0.021792 -0.066333 0.002003 0.098912 -0.078959 -0.010145 0.028484 0.017779 -0.049371 0.171081 0.022061 0.034476 0.032283 
-0.076859 -0.008508 -0.068406 -0.001942 -0.053164 0.042977 0.007069 -0.001449 -0.072135 0.062736 0.039941 -0.006990 -0.027617 0.021797 -0.024399 -0.077456 0.018654 0.058990 -0.045092 -0.013302 0.029176 0.011098 -0.065403 0.088580 0.005732 0.012501 0.010218 
-0.097271 -0.008444 0.004891 0.004689 -0.033507 0.014819 0.011586 0.039192 -0.009212 0.016121 -0.001390 0.001166 -0.004158 -0.028426 -0.020087 -0.071380 0.030814 0.008734 -0.010644 0.005897 0.014080 -0.002351 -0.049568 0.020561 0.034945 -0.006801 -0.011363 
-0.076491 -0.004283 0.072680 0.011752 0.001554 -0.029888 0.010144 0.078216 0.047061 -0.033744 -0.027083 -0.006899 0.076512 -0.080246 -0.018800 -0.067566 0.024634 -0.010067 -0.017346 0.033208 -0.008614 0.006886 -0.030119 -0.009206 0.040532 -0.049290 -0.041219 
-0.051398 -0.007791 0.082344 -0.009993 0.044234 -0.032874 0.012568 0.087499 0.080023 -0.050779 -0.042548 -0.019938 0.170490 -0.121489 -0.017236 -0.072352 0.006514 -0.019269 -0.001882 0.039048 0.002411 0.003049 -0.014383 -0.052699 -0.012020 -0.102575 -0.064602 
-0.026729 -0.016687 0.051820 -0.056114 0.093759 -0.004299 0.005538 0.084580 0.099136 -0.041300 -0.058291 -0.030239 0.249415 -0.153296 -0.027319 -0.080749 -0.007718 -0.046673 0.021535 0.042017 0.022498 0.000199 -0.005891 -0.099131 -0.071708 -0.153461 -0.078548 
-0.072894 -0.029488 0.059505 -0.024962 0.044770 -0.046722 0.016291 0.066745 0.027329 -0.032004 -0.028611 -0.011394 0.152089 -0.122286 -0.024802 -0.075498 0.035485 -0.003819 0.019735 0.023778 0.003723 0.005328 -0.034366 -0.055441 -0.066968 -0.085243 -0.063620 
-0.114400 -0.016857 0.023265 -0.007590 0.029680 -0.037611 0.023515 0.072763 -0.027537 -0.014664 0.013307 0.019804 0.077091 -0.082184 -0.018293 -0.063792 0.074081 0.026929 0.012042 -0.000143 -0.017841 0.017681 -0.066709 -0.061278 -0.047353 -0.041616 -0.062407 
-0.121147 -0.011657 -0.012200 0.001527 0.005073 -0.012512 0.001776 0.062508 -0.035818 0.015519 0.009784 0.030067 0.004831 -0.036575 -0.039886 -0.056842 0.046784 0.014067 -0.047786 0.007495 0.006976 0.034353 -0.010182 0.000150 0.019472 -0.014762 -0.029718 
-0.116054 -0.006364 -0.051493 0.008317 -0.002432 -0.000018 -0.026815 0.045139 -0.039995 0.043001 0.015647 0.029989 -0.043984 -0.001732 -0.053582 -0.045903 0.009244 0.014896 -0.087477 0.016995 0.042806 0.041289 0.057480 0.091130 0.090915 0.006067 0.002323 
-0.077075 0.015719 -0.084353 0.032888 -0.019600 -0.001342 -0.030777 0.023759 -0.081404 0.049237 0.071355 0.004117 -0.058706 0.057922 -0.030238 -0.043083 -0.007785 0.071091 -0.092964 0.006502 0.036333 0.031032 0.020802 0.143042 0.089897 0.028239 0.013426 
-0.067021 -0.001747 -0.066427 0.034668 -0.029786 -0.011833 -0.007383 0.008056 -0.095459 0.048127 0.080103 0.007516 -0.054378 0.052226 -0.013890 -0.064004 0.018855 0.096375 -0.065264 -0.015189 0.029412 0.021541 -0.052298 0.097227 0.037764 -0.019330 0.033390 
-0.105184 -0.014138 -0.011860 0.007541 0.010232 -0.015503 0.001542 0.054991 -0.018581 0.008962 0.016228 0.025342 -0.021366 -0.023578 -0.019895 -0.065910 0.041187 0.006548 -0.029241 0.016618 0.013256 0.015231 -0.036746 0.014098 0.043579 -0.066482 0.013622 
-0.065045 -0.015131 0.045781 -0.020323 0.054132 -0.037345 0.000381 0.080165 0.058499 -0.036965 -0.032755 -0.006629 0.108363 -0.100787 -0.023877 -0.073546 0.017811 -0.034455 -0.013626 0.054242 0.002665 0.006628 -0.005538 -0.005610 0.009928 -0.104091 -0.032680 
-0.073677 -0.017181 0.037141 -0.027969 0.029438 -0.016512 0.005376 0.064793 0.035507 -0.013713 -0.032795 -0.014852 0.130119 -0.104243 -0.035693 -0.074881 0.014438 -0.022243 -0.007190 0.027860 0.022782 0.004286 -0.006785 -0.018904 -0.022115 -0.057292 -0.058411 
-0.117158 -0.009540 -0.005364 0.000222 -0.016051 0.001733 0.007926 0.055316 -0.029163 0.016843 0.006178 0.016554 0.010732 -0.038122 -0.038254 -0.064864 0.040069 0.012430 -0.032273 -0.001549 0.012118 0.019189 -0.027052 0.002604 0.022200 -0.001945 -0.032394 
-0.075165 0.006784 -0.049485 0.034349 -0.041170 -0.010557 -0.006307 0.019901 -0.086528 0.034733 0.065362 -0.007140 -0.030742 0.040049 -0.023432 -0.056283 0.008427 0.088345 -0.062991 -0.013469 0.023656 0.019219 -0.028355 0.089188 0.037722 0.034914 -0.003507 
0.233947 0.017074 0.161005 -0.232080 0.015717 -0.024431 -0.005177 -0.063534 -0.158798 0.067265 -0.116436 -0.021838 0.093129 -0.086009 -0.138869 -0.091377 0.035781 0.053933 0.057307 -0.015108 0.078517 -0.034954 -0.029822 0.057570 0.039998 0.181854 -0.193918 
0.228254 0.044191 0.120961 -0.198753 0.045942 -0.031870 -0.016223 -0.014348 -0.120833 0.056391 -0.065410 0.013834 0.007465 -0.026413 -0.079276 -0.017708 0.050115 0.022261 0.030287 0.007512 0.026022 0.020238 -0.030140 0.000649 -0.000258 0.133578 -0.138100 
0.216495 0.071257 0.088635 -0.167542 0.068727 -0.036450 -0.027638 0.036965 -0.093312 0.055212 -0.016333 0.045659 -0.049273 0.032042 0.001217 0.039964 0.049696 -0.003193 0.026797 0.019513 -0.018838 0.055217 -0.025670 -0.047658 -0.038705 0.070999 -0.076324 
0.209965 0.093914 0.071142 -0.139764 0.070487 -0.047363 -0.036180 0.071267 -0.071701 0.054904 0.011084 0.064296 -0.090084 0.081061 0.071833 0.077899 0.040219 -0.024902 0.014345 0.024331 -0.059207 0.078941 -0.018094 -0.062840 -0.057673 -0.005091 -0.005131 
0.193518 0.115218 0.064394 -0.090984 0.034855 -0.048000 -0.053349 0.088421 -0.026933 0.045768 0.011068 0.060246 -0.107215 0.108164 0.114414 0.119379 0.007121 -0.033805 -0.005200 0.043875 -0.074336 0.076120 0.018583 -0.029445 -0.046141 -0.080679 0.062129 
0.153559 0.127311 0.051071 -0.034254 -0.013177 -0.026516 -0.076598 0.089629 0.022720 0.028899 -0.003272 0.024461 -0.084723 0.115004 0.129840 0.142887 -0.052727 -0.033189 0.010425 0.048434 -0.056252 0.042224 0.076733 -0.007254 -0.046634 -0.118645 0.087567 
0.100464 0.115387 0.025852 -0.012493 -0.060971 -0.000476 -0.075521 0.054586 0.057901 0.019493 -0.023824 -0.035542 -0.035854 0.089686 0.119611 0.123918 -0.096604 -0.014999 0.062752 0.037170 -0.012097 -0.014232 0.104901 0.009215 -0.074432 -0.114136 0.089908 
0.041701 0.079477 0.013142 -0.020081 -0.112072 0.026413 -0.037318 -0.000558 0.069335 0.023705 -0.040607 -0.078635 0.002385 0.041499 0.084618 0.066838 -0.095497 0.001421 0.106174 0.020381 0.023723 -0.075926 0.069307 0.026925 -0.096201 -0.058700 0.064974 
-0.015301 0.033128 0.010098 -0.019161 -0.102483 0.052742 0.007334 -0.025897 0.079031 0.016995 -0.033631 -0.061091 -0.046497 0.033196 0.073572 0.014586 -0.056796 -0.026999 0.147681 0.003216 0.035779 -0.118425 -0.004639 -0.011246 -0.051884 -0.015746 0.045501 
-0.052293 -0.006272 0.010642 0.011111 -0.043392 0.050113 0.028517 -0.037402 0.083493 -0.021364 -0.014996 -0.033238 -0.120147 0.070675 0.082885 -0.033117 -0.030522 -0.075081 0.191426 -0.002982 0.037097 -0.137847 -0.050066 -0.059905 0.024707 0.013342 0.038907 
-0.010433 -0.031878 0.022782 0.029837 0.002225 0.046854 0.060356 -0.105382 0.069478 -0.061670 0.004710 -0.034708 -0.058952 0.082960 0.077200 -0.019959 -0.047435 -0.061309 0.136132 0.015592 0.002066 -0.090794 -0.019191 -0.051095 0.004322 0.018507 0.032798 
0.050699 -0.063983 0.014039 0.026815 0.043346 0.039231 0.093708 -0.180694 0.053257 -0.083794 0.026859 -0.038480 0.018592 0.064549 0.052982 -0.006126 -0.049419 -0.026372 0.065818 0.032424 -0.019352 -0.045444 -0.006834 -0.034262 -0.037440 -0.000167 0.037278 
0.112351 -0.092197 -0.013545 0.013125 0.060450 0.034223 0.126493 -0.243827 0.044660 -0.104348 0.016852 -0.031112 0.044644 0.030299 0.009423 0.013204 -0.016746 0.004357 -0.016350 0.047232 -0.031089 -0.003813 -0.010212 -0.034350 -0.022700 -0.029492 0.073216 
0.165497 -0.097250 -0.044510 0.022276 0.046927 0.050344 0.138513 -0.249664 0.043871 -0.107558 -0.008023 -0.013192 0.065692 -0.015573 -0.036539 0.037053 0.015913 0.021963 -0.083048 0.052798 -0.048772 0.043694 0.012251 -0.052299 0.034746 -0.027194 0.096218 
0.205055 -0.078171 -0.060080 0.071417 0.018770 0.063550 0.112340 -0.199615 0.043175 -0.099901 -0.024946 0.009747 0.082946 -0.047871 -0.070846 0.055244 0.009505 0.025793 -0.116221 0.050168 -0.060705 0.075824 0.071071 -0.051932 0.100180 0.001542 0.086686 
0.220694 -0.054622 -0.072617 0.126401 -0.014399 0.047368 0.069219 -0.113702 0.051521 -0.076553 -0.024804 0.024430 0.065541 -0.071117 -0.078791 0.049711 0.002263 0.016163 -0.101644 0.029000 -0.054204 0.070564 0.103715 -0.014370 0.122976 0.033584 0.075110 
0.224735 -0.032389 -0.099470 0.174222 -0.053239 0.023079 0.010970 0.020562 0.058711 -0.014472 -0.007879 0.024808 0.005176 -0.083908 -0.073337 0.002628 0.022463 -0.037962 -0.005926 -0.030809 -0.041051 0.055303 0.067215 0.013014 0.045723 0.045731 0.067513 
0.231279 -0.000480 -0.133455 0.221736 -0.084147 0.008077 -0.050003 0.170576 0.066784 0.049897 0.025297 0.010087 -0.045322 -0.080390 -0.057892 -0.052516 0.040149 -0.100228 0.114786 -0.098736 -0.029569 0.034190 -0.011936 0.030444 -0.073510 0.037406 0.045199 
0.233676 0.032575 -0.170177 0.271754 -0.118059 -0.008904 -0.109880 0.312769 0.085789 0.103104 0.069199 -0.021969 -0.091842 -0.083340 -0.055520 -0.109912 0.056181 -0.155621 0.246337 -0.176219 0.003136 -0.001129 -0.100359 0.058997 -0.212841 0.018819 0.014672 
-0.007510 -0.012410 0.002272 0.043034 0.006674 0.005631 -0.079469 -0.056643 0.016665 -0.046054 -0.010188 -0.087044 0.047114 0.040630 -0.065597 0.109544 0.017056 -0.041648 -0.063649 -0.192393 0.075895 -0.147131 -0.167151 0.090876 0.105891 -0.128545 -0.043126 
-0.013124 0.018886 0.019105 -0.075563 0.005605 -0.043022 0.043986 -0.024042 0.023417 0.041814 0.029621 0.007951 0.090809 -0.030358 0.096477 -0.008941 -0.147608 0.011938 -0.019096 -0.207716 -0.038077 -0.040649 -0.186477 0.084444 0.130950 0.002709 0.008087 
0.041862 -0.069956 0.033347 0.063940 0.154529 -0.065266 0.020468 0.043266 -0.100694 0.029727 0.114554 -0.178056 0.060924 0.099750 -0.110971 -0.027362 0.002269 -0.025089 0.170069 -0.105082 -0.020978 0.140046 0.085317 -0.156844 0.171453 0.094165 -0.038642 
0.036991 -0.051093 0.020766 0.092649 0.134101 -0.051953 0.029738 0.037777 -0.040253 0.083916 0.103843 -0.116696 0.061970 0.050567 -0.028267 -0.017364 -0.004287 0.005742 0.101119 -0.033390 0.023617 0.024484 0.035838 -0.092821 0.114006 0.085062 -0.000385 
0.031760 -0.034416 0.007443 0.101223 0.121266 -0.042774 0.044564 0.036457 0.004217 0.107311 0.065491 -0.070298 0.055803 0.011586 0.051580 -0.021105 -0.009466 0.024877 0.017406 0.002721 0.047741 -0.073862 0.006561 -0.052007 0.052037 0.066758 0.020856 
0.023412 -0.020862 -0.002331 0.099174 0.116823 -0.027735 0.061470 0.040584 0.033398 0.114507 0.022991 -0.040337 0.049119 -0.017616 0.129257 -0.019456 0.009086 0.031350 -0.054624 0.004284 0.044267 -0.134729 0.006133 -0.035254 0.009602 0.048250 0.025775 
0.014386 -0.011675 -0.008142 0.101254 0.108924 -0.014698 0.064668 0.036957 0.048612 0.117771 -0.021684 -0.023949 0.033950 -0.036148 0.198787 -0.021267 0.028672 0.034876 -0.123471 -0.006804 0.053534 -0.168616 0.026996 -0.020971 -0.015421 0.032002 0.030967 
0.030604 -0.019866 -0.009716 0.114847 0.102279 -0.045267 0.075364 0.046457 0.058257 0.113020 0.003066 -0.009295 0.041213 -0.015895 0.085087 -0.038575 -0.096267 0.033542 -0.099105 0.050786 0.087396 -0.194453 -0.022158 -0.043443 -0.017517 0.019937 0.042256 
0.038544 -0.039482 0.001452 0.098933 0.102398 -0.069802 0.070431 0.041084 0.021854 0.082996 0.038841 -0.041371 0.038670 0.015432 -0.023370 -0.050411 -0.136186 0.013707 -0.035161 0.035802 0.082404 -0.115067 -0.017232 -0.083807 0.037415 0.043785 0.034356 
0.044868 -0.063664 0.017880 0.091613 0.107917 -0.072442 0.047128 0.029883 -0.037084 0.034364 0.079017 -0.104438 0.038560 0.071358 -0.138416 -0.050736 -0.128053 -0.024434 0.071592 -0.024465 0.042138 0.027252 0.033424 -0.134874 0.098658 0.064856 0.001517 
-0.036231 -0.055764 0.099202 0.034130 -0.024801 0.115677 0.181600 -0.031189 -0.039751 0.035842 0.017350 -0.183207 0.001994 0.020932 -0.124711 -0.009816 0.051081 -0.005431 0.183696 -0.010958 -0.102903 0.279187 0.032690 0.086000 -0.017865 -0.087763 -0.053512 
-0.032492 -0.038322 0.074862 0.066097 -0.012646 0.099223 0.164020 -0.018919 0.009627 0.096796 0.020813 -0.086328 -0.005961 -0.019355 -0.049364 0.029496 0.049653 -0.015605 0.096207 0.017931 -0.084597 0.174541 -0.009561 0.082796 -0.043341 -0.033402 -0.028313 
-0.028970 -0.023170 0.051796 0.079721 0.006742 0.079960 0.154209 -0.002165 0.043530 0.125592 0.001608 -0.015670 -0.013848 -0.048106 0.025485 0.041686 0.045769 -0.023067 0.007816 0.019842 -0.060505 0.071650 -0.025241 0.071310 -0.063560 -0.010512 -0.013855 
-0.021698 -0.010874 0.033028 0.080967 0.032249 0.065213 0.143229 0.014980 0.061347 0.130337 -0.025962 0.013591 -0.015338 -0.068868 0.100512 0.038898 0.050605 -0.015720 -0.071926 -0.003452 -0.031347 -0.015295 -0.019766 0.069236 -0.078475 -0.017722 -0.009638 
-0.011996 -0.005658 0.020079 0.088156 0.044614 0.055439 0.115285 0.022584 0.072333 0.140461 -0.062673 0.031109 -0.040641 -0.082777 0.164920 0.036362 0.057454 -0.017709 -0.163492 -0.028441 0.008617 -0.072422 -0.002025 0.066505 -0.086638 -0.030783 0.002279 
-0.028391 -0.012747 0.026031 0.094831 0.012145 0.053162 0.159674 0.025590 0.094894 0.138162 -0.049002 0.068287 -0.047122 -0.062314 0.051139 0.039153 -0.037095 -0.036912 -0.143281 0.034477 -0.016895 -0.047236 -0.056996 0.019262 -0.096100 -0.037467 0.007538 
-0.035198 -0.030901 0.047535 0.074137 -0.011666 0.054334 0.179661 0.001666 0.069312 0.105630 -0.030766 0.022591 -0.038105 -0.037822 -0.053379 0.016839 -0.075797 -0.046819 -0.053668 0.053703 -0.042228 0.053540 -0.068985 0.020622 -0.081735 -0.028860 -0.000366 
-0.039246 -0.054732 0.070740 0.065101 -0.035106 0.075396 0.177686 -0.023283 0.014982 0.051301 -0.002881 -0.078392 -0.027089 0.010485 -0.154285 -0.016723 -0.070637 -0.044685 0.065995 0.036713 -0.065167 0.186290 -0.028821 0.030888 -0.046469 -0.056546 -0.025111 
0.030718 -0.039271 -0.017315 -0.035871 -0.028564 -0.034681 -0.058300 0.002830 -0.026157 -0.076275 0.060421 0.032208 0.035445 0.019979 -0.027956 -0.047890 0.010958 -0.035541 0.004778 -0.014240 -0.012477 0.078371 0.000693 0.008142 -0.029028 0.011593 0.033205 
0.025548 -0.008175 -0.035822 -0.033272 -0.026214 -0.040889 -0.002840 0.029936 -0.056422 -0.117870 -0.005546 0.031273 0.033018 0.047621 -0.028943 -0.056093 0.017598 -0.082576 -0.027130 -0.054097 -0.012709 0.041005 0.032620 0.050609 -0.061620 -0.040701 0.042197 
0.019514 0.008118 -0.044946 -0.032024 -0.025846 -0.044784 0.025188 0.040446 -0.066479 -0.138634 -0.047137 0.028173 0.021419 0.060400 -0.026417 -0.062605 0.017898 -0.102576 -0.050797 -0.073881 -0.009383 0.018613 0.044333 0.072151 -0.080844 -0.064076 0.044976 
0.015193 0.008689 -0.048532 -0.026897 -0.020940 -0.044663 0.031157 0.035275 -0.056911 -0.142555 -0.058162 0.020097 0.014383 0.054619 -0.022762 -0.058760 0.006876 -0.090318 -0.060397 -0.073414 -0.005418 0.001559 0.035765 0.072635 -0.078172 -0.058178 0.035999 
0.013221 0.000365 -0.043509 -0.023798 -0.008994 -0.041480 0.014960 0.019259 -0.031689 -0.131065 -0.048214 0.001919 0.000414 0.038846 -0.023530 -0.052655 -0.010019 -0.053645 -0.066033 -0.061946 0.006516 -0.010526 0.011834 0.044299 -0.065322 -0.039656 0.013922 
0.019769 -0.013527 -0.025959 -0.022325 -0.028604 -0.007632 -0.078719 -0.014048 0.046450 -0.078844 0.146477 0.132012 0.077583 -0.018807 0.055780 -0.016633 0.025823 0.010116 0.014339 0.018013 0.050833 0.028266 -0.030349 0.015340 -0.031773 0.037885 0.014552 
0.022751 -0.024230 -0.013785 -0.016945 -0.038412 0.004543 -0.123708 -0.025507 0.074588 -0.044998 0.239994 0.184129 0.107967 -0.040643 0.082957 0.002043 0.050813 0.028665 0.049055 0.053075 0.066109 0.055034 -0.052110 0.005434 -0.006046 0.070004 0.019541 
0.025657 -0.034998 -0.009999 -0.020823 -0.040134 -0.002313 -0.117854 -0.021197 0.050575 -0.041758 0.210131 0.149138 0.088335 -0.026126 0.050585 -0.009412 0.047540 0.012700 0.043380 0.039370 0.043753 0.077200 -0.039969 -0.002517 -0.004124 0.062296 0.028300 
-0.029896 -0.033202 0.004579 -0.038465 -0.084696 0.028568 0.033647 -0.042682 0.010064 -0.095594 0.040129 0.033536 0.038252 0.021900 -0.005646 -0.044372 -0.013780 -0.040309 0.079328 -0.040145 -0.013639 0.025123 0.028232 0.009907 0.042789 0.014514 -0.012508 
-0.027098 -0.005783 -0.020755 -0.034229 -0.064325 -0.000786 0.064037 -0.014177 -0.026410 -0.135715 -0.006288 0.028290 0.035663 0.058233 -0.000047 -0.044083 -0.022574 -0.081099 0.044777 -0.077098 0.008470 -0.042672 0.084825 0.016939 0.016219 0.001413 0.000209 
-0.022516 0.009633 -0.036183 -0.032498 -0.049818 -0.020206 0.075831 0.001913 -0.044165 -0.156441 -0.039675 0.021341 0.027221 0.076241 0.003196 -0.045935 -0.027020 -0.096876 0.014723 -0.095804 0.021988 -0.075703 0.110945 0.023195 -0.005175 -0.007910 0.010906 
-0.018202 0.010047 -0.040703 -0.028609 -0.041153 -0.021222 0.072399 0.005196 -0.041633 -0.157293 -0.053802 0.018482 0.014184 0.065706 -0.000824 -0.042754 -0.029444 -0.086164 -0.005038 -0.087360 0.018859 -0.071282 0.100942 0.019121 -0.012456 -0.014767 0.014288 
-0.014962 0.003129 -0.033787 -0.027701 -0.033882 -0.011602 0.049705 -0.000481 -0.024897 -0.142530 -0.058266 0.011440 -0.014021 0.042380 -0.012105 -0.040860 -0.026091 -0.058917 -0.029101 -0.069133 0.010655 -0.041712 0.062287 0.000518 -0.021837 -0.027723 0.007808 
-0.022045 -0.008356 -0.004872 -0.026918 -0.077822 0.049576 -0.026938 -0.037713 0.061705 -0.077323 0.118161 0.154756 0.061546 -0.031150 0.058667 0.001845 0.026978 -0.007072 0.044557 -0.015533 0.029424 0.026209 -0.029530 0.019321 0.016906 -0.006902 0.002493 
-0.024891 -0.017373 0.013008 -0.022814 -0.100900 0.075315 -0.055634 -0.057618 0.098289 -0.042859 0.203527 0.209220 0.101585 -0.060849 0.083986 0.017507 0.052383 0.009455 0.092386 0.021110 0.033992 0.062567 -0.056557 0.030484 0.032562 0.017023 -0.002154 
-0.026548 -0.027119 0.015949 -0.026536 -0.103961 0.067554 -0.036388 -0.060968 0.081718 -0.049255 0.177111 0.163649 0.090875 -0.040700 0.059209 -0.002554 0.035455 -0.000315 0.104619 0.009124 0.020320 0.062447 -0.035849 0.025121 0.038913 0.026324 -0.004989 
-0.010572 0.199366 -0.136831 -0.057838 0.124130 -0.025441 0.047373 0.098176 0.182507 -0.051138 -0.026441 0.056889 -0.131688 -0.159881 -0.139492 0.157268 0.068378 0.399653 0.089487 -0.081753 0.091966 -0.008434 0.245182 0.141862 0.074882 -0.025772 -0.093127 
-0.001741 0.009303 -0.054924 -0.018260 -0.022179 -0.016127 0.021491 0.011462 -0.005826 -0.130372 -0.042539 -0.001354 -0.022998 0.014497 -0.024682 -0.006943 -0.027944 -0.014641 -0.069513 -0.057154 -0.016835 -0.042339 0.038511 0.009726 -0.043224 -0.032477 -0.002424 
0.002838 0.008457 -0.056738 -0.016151 -0.017702 -0.020507 0.017425 0.015849 -0.006995 -0.128017 -0.035234 0.000368 -0.023018 0.014633 -0.031418 -0.012225 -0.027417 -0.017287 -0.077847 -0.058470 -0.022605 -0.042580 0.039780 0.011092 -0.051075 -0.043425 -0.005422 
0.003162 0.116997 -0.097705 -0.033684 0.071148 -0.018866 0.021664 0.021293 0.049451 -0.091866 -0.041156 -0.012517 -0.081621 -0.036400 -0.019565 0.028163 0.002109 0.097710 -0.003908 -0.000561 -0.096321 0.060613 -0.167198 -0.064325 -0.052660 0.008050 -0.057367 
0.003801 0.110079 -0.101060 -0.039786 0.073358 -0.019237 0.027089 0.005548 0.018861 -0.075120 -0.049481 -0.017270 -0.093885 -0.017740 -0.020323 -0.023983 0.028676 0.054427 -0.012846 -0.013605 -0.081658 0.087434 -0.192172 -0.084025 -0.079867 0.014619 -0.044593 
-0.004375 0.129156 -0.110646 -0.036180 0.058394 0.006718 0.010424 0.014359 0.058530 -0.034975 -0.065682 0.000503 -0.030972 0.002478 -0.033363 0.035118 0.032121 0.094196 0.007815 0.003339 -0.036227 0.032990 -0.082696 -0.037136 -0.006157 0.007082 -0.009388 
-0.009775 0.152395 -0.123653 -0.049182 0.072588 0.020623 0.019947 0.039380 0.122861 -0.032307 -0.084577 -0.008007 0.006861 0.012040 -0.028717 0.068630 0.045887 0.179269 0.039439 -0.049106 -0.044013 0.026628 0.006107 -0.022895 0.033541 0.005241 -0.013077 
-0.010498 0.131429 -0.109808 -0.035410 0.059752 0.007395 0.013540 -0.007334 0.056052 -0.051261 -0.065024 -0.016811 -0.013602 0.009959 -0.023010 0.042867 0.000293 0.098932 0.026508 -0.009231 -0.011850 -0.009771 -0.059789 -0.037663 0.010469 0.026615 -0.022150 
-0.013008 0.111155 -0.100795 -0.030148 0.075692 -0.026035 0.022666 -0.035016 0.019655 -0.090450 -0.038443 -0.049557 -0.030202 0.005715 0.004852 -0.010827 -0.024384 0.082139 0.036093 -0.043131 -0.029302 0.006060 -0.141490 -0.093693 -0.039832 0.062783 -0.049747 
-0.015822 0.117165 -0.101326 -0.020079 0.086330 -0.032015 0.013381 -0.002998 0.050853 -0.114575 -0.027812 -0.034412 -0.049128 -0.010909 0.005030 0.023057 -0.036725 0.094521 0.048969 -0.012211 -0.054953 -0.003363 -0.148768 -0.097776 -0.037407 0.050970 -0.062012 
-0.006277 0.010605 -0.054103 -0.021067 -0.027240 -0.012780 0.026862 0.007975 -0.004849 -0.134020 -0.051779 -0.003704 -0.023713 0.015927 -0.018972 -0.002868 -0.028979 -0.012755 -0.062045 -0.055930 -0.008965 -0.040502 0.036223 0.009020 -0.034417 -0.022320 0.001889 
0.000111 0.036320 -0.007764 0.034760 -0.089305 -0.012482 -0.003627 -0.113460 -0.154557 0.100368 0.019672 0.020446 -0.087607 0.025852 -0.016300 -0.086389 0.096655 0.013624 -0.029460 -0.009004 -0.025372 0.048432 -0.142091 0.005543 -0.074776 -0.051222 0.008989 
-0.005949 0.066635 0.106405 0.079945 -0.100529 -0.092022 0.006547 -0.062551 -0.080409 0.042960 0.000261 0.039821 -0.057276 -0.021613 0.001492 -0.030747 0.108644 0.048432 -0.018001 0.001702 -0.004170 0.041432 -0.117566 -0.059298 0.000816 -0.084594 0.005899 
-0.008463 0.095632 0.207013 0.129701 -0.108709 -0.172726 -0.004854 -0.022881 -0.018504 -0.014161 -0.022335 0.039968 -0.035050 -0.048087 0.013936 0.027404 0.096105 0.069172 -0.016628 0.019459 0.007684 0.026628 -0.059499 -0.088794 0.057385 -0.089298 0.000082 
-0.009193 0.107767 0.240292 0.151603 -0.112459 -0.212026 -0.021782 -0.020175 0.006381 -0.036595 -0.024883 0.018420 -0.003564 -0.053945 0.020505 0.059900 0.056633 0.081549 -0.016980 0.023085 0.019895 0.001460 0.005678 -0.077793 0.061780 -0.062491 -0.005696 
-0.007213 0.095312 0.199522 0.130379 -0.100873 -0.198430 -0.015681 -0.058413 -0.019561 -0.026918 -0.005785 -0.007734 0.041175 -0.039366 0.027281 0.051920 0.021271 0.089188 0.008057 -0.000606 0.043001 -0.031544 0.030305 -0.066359 -0.020725 -0.013998 -0.027100 
-0.005280 0.067676 0.096651 0.079762 -0.088174 -0.132544 -0.006684 -0.126666 -0.080938 0.019981 0.018864 -0.031823 0.042735 0.000549 0.029625 0.023580 -0.009627 0.068420 0.037844 -0.030873 0.056692 -0.069112 0.046411 -0.046906 -0.116558 0.055439 -0.028563 
-0.006085 0.037626 -0.016761 0.035468 -0.069241 -0.060444 -0.014202 -0.191266 -0.151549 0.066039 0.042018 -0.048664 -0.004055 0.058653 0.020487 -0.011717 -0.032870 0.012532 0.066850 -0.049705 0.051900 -0.095943 0.053765 -0.018043 -0.171241 0.129722 -0.015435 
-0.009727 0.110758 -0.096615 -0.016368 0.024478 0.026304 -0.051180 -0.129403 -0.062179 0.091108 0.014576 -0.036618 0.029950 0.026627 0.003798 -0.017345 -0.056937 -0.091812 0.033136 0.029790 0.043538 -0.067114 0.070179 -0.005633 -0.017627 0.055289 -0.046061 
-0.012419 0.158739 -0.135955 -0.058366 0.092961 0.088306 -0.069277 -0.073423 0.014716 0.107930 -0.002036 -0.020256 0.034781 -0.004607 -0.017194 -0.020820 -0.054461 -0.168699 0.007614 0.104521 -0.004141 -0.029660 0.057545 0.033356 0.106416 -0.008122 -0.072132 
-0.010838 0.163491 -0.132497 -0.055568 0.083856 0.099483 -0.064175 -0.065471 0.009462 0.129527 -0.006721 -0.007592 0.043010 -0.010707 -0.013388 -0.017012 -0.026132 -0.148133 -0.003767 0.099280 0.010270 -0.004331 0.059896 0.023219 0.121220 -0.043896 -0.057156 
-0.008381 0.158610 -0.136565 -0.058796 0.088834 0.094818 -0.068420 -0.054874 0.016645 0.118686 -0.006583 -0.005557 0.009693 -0.014094 -0.030093 -0.038542 -0.028016 -0.166647 -0.008551 0.114990 -0.013729 0.003820 0.029472 0.048759 0.124093 -0.053417 -0.057664 
-0.005803 0.110426 -0.089437 -0.020135 0.006907 0.063687 -0.042064 -0.079261 -0.056806 0.117056 -0.001510 0.012349 -0.032676 -0.000109 -0.027533 -0.055299 0.029396 -0.100015 -0.026485 0.058785 -0.018404 0.037450 -0.049209 0.026301 0.034055 -0.067471 -0.026465 
-0.004454 0.079404 0.129705 0.071307 -0.027918 -0.142649 -0.019756 -0.032176 -0.031707 -0.012972 -0.032897 0.016694 -0.110072 -0.018370 -0.026544 -0.045511 0.057198 -0.094835 -0.027879 0.093234 -0.084323 0.025822 -0.045355 0.111145 0.119619 0.002881 -0.033976 
-0.006849 0.104235 0.190283 0.089302 0.007058 -0.202217 -0.042438 -0.012197 0.019581 -0.059385 -0.043926 -0.011987 -0.091804 -0.024283 -0.016088 -0.010048 0.003325 -0.138247 -0.023859 0.134633 -0.103494 -0.022339 0.050401 0.185372 0.177339 0.044144 -0.061042 
-0.006318 0.081146 0.128430 0.073231 -0.015763 -0.171915 -0.033913 -0.078002 -0.023810 -0.037308 -0.015186 -0.039033 -0.044521 -0.001813 -0.003927 -0.009133 -0.028057 -0.083659 0.011506 0.073472 -0.038203 -0.056304 0.064021 0.130856 0.040587 0.083827 -0.056518 
-0.010572 0.105139 -0.081292 0.001035 -0.021366 0.041351 -0.050818 -0.135100 -0.078354 0.114718 0.009558 -0.020008 0.053761 0.007453 -0.001523 -0.016474 -0.037789 -0.004307 0.020535 -0.018636 0.092713 -0.038702 0.043959 -0.120412 -0.072713 -0.015034 -0.022159 
-0.009859 0.140628 -0.103855 -0.018282 0.001671 0.098838 -0.054040 -0.094864 -0.040894 0.143456 -0.005455 0.000021 0.072844 -0.015427 -0.009494 -0.010518 -0.015005 -0.011102 -0.009022 0.000733 0.079538 0.002622 0.014331 -0.137128 -0.015952 -0.105739 -0.024245 
-0.004957 0.105955 -0.076499 -0.003645 -0.034293 0.071868 -0.042609 -0.101197 -0.075153 0.130014 -0.007667 0.013468 0.009291 -0.005638 -0.020753 -0.040462 0.024862 -0.005790 -0.027905 -0.002745 0.045974 0.038331 -0.051890 -0.101331 -0.035990 -0.104748 -0.010613 
0.054348 -0.049295 -0.002848 -0.134451 -0.146000 -0.029385 -0.052993 0.055073 -0.013373 0.042117 -0.049418 -0.081479 0.023353 -0.082437 -0.030319 0.081938 -0.004686 0.047631 -0.111582 0.084381 -0.147302 0.051772 0.066412 0.035171 0.025671 -0.028201 0.055670 
0.028135 -0.061502 0.008433 -0.117652 -0.147622 0.015052 -0.053784 0.044806 -0.002228 0.037241 -0.068961 -0.082307 0.011888 -0.075662 -0.025684 0.081372 -0.011149 0.043919 -0.069231 0.060665 -0.111223 0.026719 0.061515 0.043386 -0.002366 0.010661 0.039010 
0.001960 -0.078072 0.019947 -0.103338 -0.153271 0.058924 -0.052325 0.031276 0.010023 0.035801 -0.092638 -0.085957 0.004414 -0.075769 -0.026327 0.074517 -0.016722 0.045545 -0.028952 0.037822 -0.068103 -0.006327 0.051656 0.058493 -0.022621 0.047085 0.016190 
-0.024194 -0.099498 0.029562 -0.088192 -0.151458 0.101796 -0.049937 0.016431 0.016379 0.029971 -0.115030 -0.088840 -0.005197 -0.072414 -0.034262 0.059197 -0.022141 0.046109 0.018165 0.014015 -0.015727 -0.039110 0.041439 0.063180 -0.036121 0.086223 -0.006476 
-0.046673 -0.126925 0.034299 -0.078224 -0.125696 0.136383 -0.042429 0.004432 0.012796 0.021227 -0.123885 -0.078791 -0.030941 -0.057568 -0.037428 0.033335 -0.016929 0.037818 0.070039 -0.013788 0.031615 -0.066312 0.018345 0.043558 -0.045295 0.126566 -0.027611 
-0.056155 -0.154431 0.042695 -0.079532 -0.069485 0.148901 -0.025909 -0.002546 0.007447 0.015707 -0.111797 -0.040143 -0.081715 -0.032956 -0.027702 0.005636 0.012847 0.019392 0.105765 -0.031774 0.058749 -0.081074 -0.033518 0.026495 -0.033516 0.140857 -0.034354 
-0.051985 -0.167365 0.070414 -0.078214 -0.001176 0.149128 -0.008110 0.016205 0.002838 0.016156 -0.091350 0.025807 -0.144967 0.003765 -0.007885 0.003290 0.051065 -0.009403 0.102230 -0.035591 0.056527 -0.075307 -0.087988 0.014403 0.016989 0.107213 -0.036206 
-0.037276 -0.153106 0.107379 -0.048326 0.081126 0.155618 -0.005295 0.063567 -0.005988 0.006059 -0.061595 0.101091 -0.194081 0.072206 0.029954 0.034696 0.045182 -0.042916 0.089836 -0.043044 0.043514 -0.036893 -0.083326 -0.004013 0.088880 -0.000854 -0.044999 
-0.015250 -0.120696 0.133572 0.006591 0.144776 0.136810 -0.028664 0.093755 -0.019019 -0.019746 -0.024237 0.134235 -0.175493 0.144763 0.062134 0.062344 -0.014019 -0.049541 0.061194 -0.040524 0.035237 0.012485 -0.010381 0.012492 0.108169 -0.095313 -0.055821 
0.011516 -0.104008 0.137222 0.036067 0.183909 0.087672 -0.055887 0.089689 -0.023659 -0.044495 0.020789 0.109854 -0.076498 0.174833 0.070163 0.072490 -0.098951 -0.009051 -0.000047 -0.014973 0.035430 0.047364 0.067566 0.085148 0.015094 -0.134546 -0.066219 
0.039311 -0.117160 0.109788 0.020532 0.190287 0.045958 -0.078103 0.058037 -0.036618 -0.027085 0.043576 0.046189 0.055999 0.141346 0.063474 0.072734 -0.118914 0.054204 -0.062894 0.006544 0.047230 0.057125 0.074708 0.110581 -0.103249 -0.077464 -0.078764 
0.064953 -0.147854 0.059890 -0.026675 0.161640 0.009029 -0.080341 0.029245 -0.035212 0.000891 0.040691 -0.003690 0.104898 0.081134 0.028131 0.052870 -0.065087 0.087872 -0.131532 0.025254 0.053632 0.050292 0.016707 0.086826 -0.152051 0.008110 -0.042009 
0.080208 -0.166080 0.004315 -0.054864 0.114897 -0.019154 -0.086922 0.029913 -0.028599 0.013793 0.014702 -0.031497 0.072963 0.032976 -0.018108 0.024595 0.011796 0.082210 -0.172192 0.034127 0.051799 0.035211 -0.045672 0.030525 -0.117140 0.079884 0.030186 
0.081470 -0.157188 -0.036667 -0.045210 0.061364 -0.022199 -0.106003 0.072892 -0.026811 0.026581 -0.009364 -0.037863 0.044333 -0.000934 -0.047104 0.001088 0.045987 0.051951 -0.140733 0.026168 0.036231 0.031914 -0.050659 -0.036108 -0.048825 0.077990 0.089655 
0.067144 -0.136154 -0.051571 -0.032567 0.010846 -0.031769 -0.127164 0.124189 -0.024646 0.039065 -0.023185 -0.049898 0.026452 -0.024515 -0.053495 -0.023004 0.039716 0.023805 -0.077830 0.018363 0.016151 0.004707 -0.032399 -0.071821 0.014781 0.028577 0.128918 
0.040349 -0.116226 -0.051293 -0.042934 -0.031561 -0.049170 -0.126292 0.148649 -0.007979 0.045754 -0.023296 -0.067423 0.002598 -0.038366 -0.034907 -0.038430 0.026169 0.005003 -0.017317 0.015162 -0.009076 -0.039580 -0.022674 -0.077593 0.057736 -0.016731 0.156502 
0.010834 -0.095900 -0.040879 -0.066187 -0.064148 -0.047903 -0.093432 0.128602 0.004690 0.031119 -0.018705 -0.075271 -0.015129 -0.034911 -0.008460 -0.027429 0.007988 0.001776 0.010147 0.025048 -0.047067 -0.066522 -0.002886 -0.080867 0.107991 -0.048345 0.167397 
-0.017914 -0.077466 -0.028772 -0.089405 -0.094603 -0.039624 -0.054558 0.093853 0.013926 0.008915 -0.017754 -0.080813 -0.029737 -0.024348 0.014971 -0.010929 -0.013311 -0.002181 0.028143 0.038089 -0.085309 -0.085705 0.017348 -0.094221 0.159153 -0.071628 0.168191 
-0.046094 -0.062815 -0.015661 -0.114051 -0.131815 -0.030138 -0.016015 0.050268 0.023903 -0.009767 -0.024371 -0.086980 -0.041761 -0.020220 0.034756 0.008385 -0.035111 0.000929 0.036967 0.058010 -0.123629 -0.099718 0.046160 -0.110231 0.224292 -0.093863 0.171010 
0.019066 -0.009004 -0.031613 -0.021806 -0.032142 -0.019845 -0.057266 0.002832 0.006863 -0.100675 0.098741 0.105443 0.076805 0.012276 0.029013 -0.031780 0.027291 -0.034584 0.009695 -0.016039 0.037491 0.035682 -0.000531 0.031727 -0.047207 0.000058 0.019602 
-0.023656 -0.005625 -0.013027 -0.026158 -0.076778 0.029219 0.002806 -0.030676 0.028597 -0.107752 0.081818 0.115091 0.067199 0.006549 0.044306 -0.014364 0.011576 -0.040477 0.058352 -0.033924 0.032842 -0.004218 0.029848 0.018530 0.010614 -0.001812 -0.007065 
-0.071962 0.045529 -0.030228 0.120410 0.001148 0.035462 0.003105 0.047270 -0.018579 -0.023856 -0.116470 0.089482 0.089819 0.027892 -0.102470 0.035231 -0.135921 0.088176 0.069662 0.080349 -0.107024 -0.020312 0.048066 0.118210 -0.030464 0.006910 0.093404 
-0.058991 0.041449 -0.025045 0.079552 0.005069 0.024117 -0.018168 0.027831 -0.032263 0.009493 -0.088679 0.054764 0.079140 0.030628 -0.038444 0.058597 -0.037767 0.038273 0.035058 0.063318 -0.030391 0.001305 0.009643 0.066083 -0.014880 0.020294 0.069425 
-0.046767 0.036192 -0.022156 0.036217 -0.003169 0.017130 -0.026612 0.014370 -0.053190 0.012456 -0.074478 0.012476 0.070327 0.034337 0.014832 0.061412 0.032593 -0.015328 0.006490 0.053261 0.011655 0.016750 -0.019447 0.007887 0.001416 0.023869 0.047575 
-0.034395 0.031191 -0.020655 -0.003824 -0.017812 0.017015 -0.026955 0.008076 -0.078331 -0.002913 -0.077498 -0.028033 0.064258 0.039601 0.056349 0.048511 0.079540 -0.072329 -0.005584 0.047669 0.021562 0.033115 -0.039765 -0.041238 0.021109 0.020112 0.025619 
-0.021734 0.027939 -0.015786 -0.034584 -0.030010 0.020015 -0.021992 0.003235 -0.096484 -0.018016 -0.071146 -0.058816 0.060719 0.042371 0.092322 0.023580 0.112954 -0.123623 -0.008212 0.046510 0.009438 0.048316 -0.057801 -0.076972 0.036615 0.018682 -0.003083 
-0.035494 0.015657 -0.019764 -0.007054 -0.022729 0.015215 -0.039143 -0.017361 -0.100963 0.007513 -0.070816 -0.047767 0.065953 0.027768 0.074463 0.035156 0.121609 -0.106937 0.009713 0.034055 0.053920 0.043550 -0.020888 -0.050354 0.015315 0.037032 0.018654 
-0.045929 0.021292 -0.021062 0.035255 -0.009241 0.018324 -0.036592 -0.013691 -0.071237 0.022656 -0.077985 -0.006430 0.079999 0.007531 0.035534 0.047407 0.053584 -0.043911 0.022945 0.029426 0.047599 0.013048 0.022589 0.005095 -0.019681 0.049041 0.039356 
-0.062242 0.030865 -0.020802 0.077322 0.001423 0.021883 -0.021684 0.012338 -0.033021 0.004363 -0.082967 0.052096 0.096053 0.000002 -0.036962 0.038521 -0.067638 0.030510 0.038733 0.042617 -0.010148 -0.019160 0.064322 0.062126 -0.037922 0.044406 0.059346 
0.050766 0.033382 -0.015917 0.091495 0.008094 0.038580 0.085424 0.091149 -0.049934 -0.032243 -0.072611 0.234876 0.030128 0.005831 -0.111501 0.024619 -0.096706 0.029793 0.040948 0.025139 -0.105362 -0.053924 0.056475 -0.011606 0.062532 0.119932 -0.015236 
0.050687 0.030778 -0.004953 0.057347 0.006863 0.035241 0.064154 0.070880 -0.052136 -0.005461 -0.043187 0.159294 0.016383 0.001714 -0.047618 0.013690 -0.013026 0.010843 -0.000942 0.017404 -0.028631 -0.045498 0.036513 -0.007336 0.037328 0.075016 -0.036650 
0.050115 0.026930 -0.001491 0.026225 -0.002039 0.031822 0.052342 0.059687 -0.061077 -0.005815 -0.022569 0.084607 0.016301 0.001612 -0.000688 -0.002726 0.042404 -0.013127 -0.024761 0.015323 0.019060 -0.040172 0.018118 -0.004985 0.027792 0.025909 -0.050879 
0.047605 0.023316 -0.002117 -0.004012 -0.011697 0.029022 0.037608 0.052254 -0.074691 -0.021516 -0.021358 0.020223 0.024425 0.004161 0.037519 -0.018125 0.074252 -0.044415 -0.035438 0.009485 0.053104 -0.040035 0.000605 0.012144 0.030313 -0.027039 -0.057047 
0.043396 0.018992 -0.004015 -0.028572 -0.017837 0.023204 0.035401 0.047259 -0.080681 -0.036060 -0.015294 -0.029230 0.029996 0.002452 0.065590 -0.042365 0.096819 -0.087236 -0.040536 0.012120 0.057690 -0.043234 -0.016434 0.033903 0.021569 -0.062369 -0.064235 
0.053360 0.004972 -0.003860 -0.008006 -0.018386 0.034779 0.042135 0.022491 -0.083552 -0.024614 -0.019848 0.002621 0.002689 -0.009835 0.049803 -0.036538 0.123119 -0.085923 -0.032123 -0.004937 0.070032 -0.033318 0.007961 0.013227 0.004323 -0.002223 -0.076737 
0.051625 0.010560 -0.000195 0.023888 -0.009136 0.044126 0.055744 0.033013 -0.067146 0.001259 -0.038328 0.080598 0.003640 -0.015726 0.015425 -0.012581 0.077432 -0.051120 -0.037320 -0.007770 0.034973 -0.039181 0.019366 0.003969 0.004709 0.044527 -0.062969 
0.053128 0.020861 -0.001506 0.053364 -0.003994 0.045405 0.073558 0.055656 -0.047291 -0.003051 -0.061409 0.173692 0.027257 -0.015220 -0.052354 -0.004285 -0.021160 -0.014315 -0.026416 0.001226 -0.023470 -0.052982 0.024711 -0.010425 0.024182 0.089431 -0.041042 
-0.045310 -0.002948 -0.005669 0.026607 0.053880 -0.028468 -0.035992 -0.002592 0.040219 -0.043272 0.067993 -0.072662 0.042106 -0.003876 0.005175 0.149448 -0.021249 0.006066 0.071733 -0.021807 -0.101449 -0.040820 -0.052256 0.039100 0.009329 0.067583 0.010655 
-0.035289 0.002918 -0.005395 0.010059 0.069919 -0.037187 -0.052581 -0.007678 0.056196 -0.044269 0.057501 -0.061453 -0.002984 0.016586 0.014262 0.087585 -0.041448 0.033881 0.042085 -0.020106 -0.052467 0.028917 -0.071359 0.021751 -0.008810 0.032237 -0.002814 
-0.028098 0.005701 -0.002157 -0.005103 0.068635 -0.040649 -0.054535 -0.007954 0.063794 -0.044319 0.050419 -0.049225 -0.028338 0.025489 0.025538 0.038680 -0.044637 0.035462 0.020164 0.001755 -0.027776 0.074371 -0.070068 0.021264 -0.037443 0.023083 -0.012185 
-0.023073 0.006236 0.004616 -0.014261 0.048355 -0.034901 -0.046033 -0.004403 0.059182 -0.044294 0.042601 -0.048198 -0.026269 0.026288 0.030833 0.002651 -0.045315 0.023888 0.003207 0.029095 -0.028856 0.095265 -0.048125 0.026514 -0.062739 0.023507 -0.017578 
-0.017971 0.004180 0.012668 -0.023903 0.014504 -0.025860 -0.031677 0.003813 0.039031 -0.046349 0.022348 -0.059733 -0.008751 0.024436 0.028475 -0.030619 -0.038425 -0.002980 -0.012604 0.056972 -0.043128 0.084031 -0.021085 0.037649 -0.084263 0.014577 -0.017954 
-0.032172 -0.005075 -0.004121 -0.006131 0.019386 -0.033559 -0.029133 -0.019646 0.017360 -0.037185 0.001751 -0.105741 -0.032974 0.038714 0.013470 -0.027325 -0.048946 -0.018901 -0.030239 -0.016581 -0.019394 0.079493 -0.021423 0.032376 -0.089443 0.011377 -0.016170 
-0.037928 -0.009486 -0.007578 0.007105 0.031338 -0.034819 -0.032338 -0.033302 0.014030 -0.023120 0.009495 -0.112917 -0.027300 0.033898 -0.000446 0.009473 -0.042523 -0.022781 -0.012431 -0.034208 -0.032875 0.056498 -0.019590 0.029270 -0.084379 0.035274 -0.016567 
-0.041136 -0.006372 -0.006623 0.017212 0.045104 -0.032289 -0.037701 -0.026933 0.021585 -0.028355 0.033325 -0.099359 0.000912 0.019843 -0.003188 0.073028 -0.026012 -0.014613 0.026373 -0.032884 -0.063764 0.012188 -0.028636 0.034187 -0.052563 0.055423 -0.010277 
0.031688 0.007337 0.036807 0.027228 -0.041124 0.082165 -0.000701 0.045331 0.008379 -0.054785 0.059822 -0.065908 0.004137 -0.012770 0.027434 -0.018302 0.005532 0.124156 0.003965 0.095734 -0.028838 -0.031308 -0.031629 -0.035821 0.067975 -0.046396 -0.026952 
0.025228 0.012635 0.031270 0.006581 -0.028993 0.067777 -0.022076 0.025893 0.030751 -0.040211 0.051923 -0.063206 -0.026067 -0.014945 0.028479 -0.038129 -0.023850 0.134757 -0.014336 0.040097 -0.009643 0.019869 -0.033269 -0.056992 0.046192 -0.043168 -0.048318 
0.021106 0.015953 0.024192 -0.007791 -0.023549 0.050238 -0.036250 0.014851 0.038366 -0.035323 0.044755 -0.058896 -0.039136 -0.010977 0.033250 -0.044882 -0.045576 0.116997 -0.019370 -0.001901 0.006156 0.030093 -0.041322 -0.051573 0.044593 -0.043570 -0.053517 
0.017977 0.015130 0.017426 -0.016102 -0.023823 0.034463 -0.035419 0.013106 0.032686 -0.037986 0.040973 -0.054524 -0.034788 -0.009588 0.039647 -0.045682 -0.059623 0.085204 -0.011759 -0.036192 0.004473 0.010534 -0.035973 -0.034668 0.052630 -0.040729 -0.051185 
0.014798 0.010026 0.011727 -0.023554 -0.027757 0.019052 -0.019911 0.019926 0.011390 -0.053524 0.032190 -0.054849 -0.022634 -0.005569 0.037406 -0.044086 -0.066395 0.031293 0.004137 -0.061729 -0.016792 -0.038045 -0.027694 -0.010265 0.050984 -0.044457 -0.050018 
0.027526 -0.000356 0.002657 -0.005720 -0.013455 0.017949 -0.003279 0.010008 -0.008408 -0.057943 0.014384 -0.080252 -0.077363 0.018212 0.030885 -0.094984 -0.042853 0.026468 -0.010963 -0.044290 0.020371 -0.016286 0.000821 -0.041219 0.043364 -0.049570 -0.049302 
0.031055 -0.004543 0.007641 0.009676 -0.009412 0.027607 0.002950 0.009125 -0.009244 -0.050015 0.025082 -0.086313 -0.089024 0.022654 0.026505 -0.104951 -0.027306 0.042863 -0.021786 -0.017150 0.028613 -0.018699 -0.011892 -0.057587 0.057231 -0.057797 -0.044284 
0.031209 0.000235 0.019788 0.018851 -0.017097 0.050579 -0.000421 0.021819 -0.006172 -0.052583 0.039143 -0.079503 -0.057313 0.012971 0.027266 -0.075538 -0.006674 0.076943 -0.020736 0.025501 0.012677 -0.027039 -0.031647 -0.049940 0.072025 -0.063065 -0.037931 
0.015262 -0.069083 -0.028134 -0.059809 -0.108734 -0.153000 0.009297 -0.056176 0.384389 0.254877 -0.202059 0.135067 0.211021 0.602535 -0.095911 -0.169999 0.296899 0.160694 0.012446 -0.048687 -0.102918 -0.057439 -0.009494 0.010891 0.046250 -0.016255 -0.035247 
0.002652 -0.013576 0.020108 -0.054144 -0.048400 -0.027536 -0.034938 -0.018338 0.050348 0.025706 0.066453 -0.027322 -0.019428 -0.049045 0.032056 -0.006056 -0.067477 -0.023202 -0.085368 0.005626 -0.056308 -0.050295 0.009969 0.033210 -0.067228 0.035276 -0.047046 
0.000095 -0.015294 0.013149 -0.042122 -0.045384 -0.043800 -0.042931 -0.008893 0.055091 0.027172 0.068982 -0.035655 -0.023257 -0.054813 0.026196 -0.017365 -0.075099 -0.026631 -0.072454 -0.003255 -0.053897 -0.062401 0.004981 0.040417 -0.069597 0.016321 -0.033983 
0.017141 -0.047184 -0.006867 -0.019980 -0.073672 -0.054515 -0.047024 -0.058473 0.114420 0.084968 0.054900 0.005627 -0.062988 -0.036242 -0.091226 0.018377 -0.044529 -0.019230 -0.062247 -0.078296 0.124082 0.100009 0.199977 -0.015653 0.057238 -0.016427 -0.080479 
0.011743 -0.026994 -0.025247 0.001232 -0.047398 -0.053425 -0.013738 -0.015096 0.087549 0.076641 0.038817 0.013612 -0.000387 -0.039770 -0.044025 -0.003076 -0.081619 -0.067578 -0.016959 -0.021235 0.071099 0.075857 0.124982 -0.013679 0.042579 -0.027543 -0.058564 
0.008237 -0.024185 -0.028752 -0.052268 -0.010367 -0.083129 0.002703 0.015671 0.101936 0.067068 -0.027567 0.010518 -0.007657 -0.046449 0.017547 0.009820 -0.078662 -0.091886 0.029750 0.045836 0.088896 0.095944 -0.006641 0.085332 0.092973 -0.020179 -0.051350 
0.014117 -0.019588 -0.015082 -0.086373 0.004607 -0.100561 0.020675 -0.013954 0.116465 0.065607 -0.018800 0.023211 -0.045397 -0.070547 0.010826 0.017382 -0.063709 -0.139728 0.019401 0.073990 0.171494 0.052945 -0.076333 0.106079 0.032983 -0.028371 -0.073888 
0.013619 -0.020071 -0.016928 -0.048891 -0.039317 -0.054659 -0.000260 -0.003094 0.120017 0.075058 -0.017208 -0.006708 -0.024646 -0.035005 0.016508 0.041752 -0.089512 -0.062449 0.032667 0.019772 0.100500 0.092653 0.008954 0.062696 0.077733 -0.006402 -0.060928 
-0.006715 -0.019547 -0.005583 -0.004926 -0.094174 0.007781 -0.021471 -0.035727 0.115597 0.073521 0.021773 -0.011505 -0.022710 -0.006099 -0.040421 0.075124 -0.074977 -0.071902 -0.048921 -0.016053 0.082198 0.110304 0.075442 -0.033293 0.046490 -0.023367 -0.056677 
-0.009157 -0.038424 0.000302 -0.008343 -0.113558 -0.018779 -0.060886 -0.063402 0.157900 0.095757 0.059802 -0.031541 -0.037109 0.023147 -0.064575 0.021256 -0.060455 -0.063294 -0.115700 -0.084627 0.101293 0.098168 0.079780 -0.125236 -0.027526 -0.045233 -0.091289 
0.005418 -0.011788 0.026675 -0.066392 -0.051803 -0.011728 -0.027208 -0.027286 0.045371 0.023745 0.062531 -0.019936 -0.016781 -0.041886 0.036570 0.004105 -0.060496 -0.021028 -0.099140 0.014511 -0.058028 -0.038290 0.013981 0.027139 -0.064573 0.052787 -0.059429 
0.019342 -0.048745 -0.063176 0.055879 -0.012499 -0.052901 0.074575 -0.019695 -0.128607 0.005522 0.086203 0.004228 -0.003249 0.007291 0.011860 -0.065496 0.013422 0.080392 0.082376 0.017712 -0.065844 -0.065680 -0.037795 0.088210 0.063392 -0.059306 0.046863 
0.017851 -0.056963 -0.094771 0.017078 0.042479 -0.032850 0.051299 0.002167 -0.107137 -0.012098 0.028027 0.016507 -0.014881 0.001794 0.036645 -0.049274 0.024920 0.029107 0.056851 0.041185 -0.047492 -0.020980 -0.019231 0.038379 0.062898 -0.099393 0.017268 
0.016673 -0.062111 -0.108783 -0.010579 0.088060 -0.029133 0.029164 0.017302 -0.067950 -0.024677 -0.013266 0.027521 -0.021340 -0.004006 0.054005 -0.019292 0.016159 -0.011751 0.045317 0.054324 -0.029142 -0.001218 0.001520 0.021829 0.062417 -0.116625 -0.022227 
0.011315 -0.062147 -0.107470 -0.027427 0.104758 -0.028373 0.018406 0.020037 -0.050770 -0.030975 -0.038106 0.034701 -0.010769 -0.014512 0.059971 0.001282 0.010955 -0.038374 0.041993 0.059986 -0.008593 0.007957 0.005215 0.018621 0.053642 -0.116249 -0.053955 
0.001231 -0.059419 -0.101528 -0.013580 0.061469 -0.009515 0.014093 0.012938 -0.077420 -0.014003 -0.018729 0.021755 0.000248 -0.005338 0.058413 0.036397 0.004152 -0.013093 0.019261 0.053993 -0.030391 0.007821 -0.011144 0.004714 0.025386 -0.089119 -0.035412 
-0.006379 -0.053045 -0.084104 0.011850 -0.007854 0.010761 0.017901 -0.015970 -0.114254 0.006975 0.016975 0.004725 0.012058 0.004981 0.037734 0.074135 -0.007814 0.022173 -0.001209 0.034123 -0.074269 -0.005396 -0.016043 -0.013968 -0.025893 -0.034881 -0.013397 
-0.018321 -0.044574 -0.041713 0.055530 -0.089572 0.012305 0.026237 -0.046769 -0.139159 0.034187 0.060063 0.002818 -0.000863 0.013319 0.007653 0.107523 -0.013673 0.047138 -0.027509 0.009301 -0.133102 -0.018339 -0.012366 -0.048387 -0.051345 0.032303 0.008167 
-0.003469 -0.065271 -0.030663 0.020799 -0.076587 -0.046202 0.019365 -0.036458 -0.069017 0.030877 -0.010501 0.008352 0.008519 -0.003459 0.005970 0.105641 -0.036048 0.033713 0.008618 -0.006612 -0.045042 -0.029086 0.005511 -0.068714 -0.083683 -0.001722 -0.063729 
0.008527 -0.082395 -0.026925 0.010423 -0.082378 -0.097827 0.023094 -0.026280 -0.011843 0.032547 -0.038621 0.027322 -0.007567 -0.004901 -0.001718 0.085668 -0.043750 0.008160 0.023075 -0.037708 0.018513 -0.038123 0.015118 -0.068001 -0.110510 -0.019133 -0.109117 
0.009957 -0.086120 -0.029025 0.002560 -0.048161 -0.114736 0.032174 -0.004529 -0.021633 0.025158 -0.041202 0.049994 -0.023084 -0.026285 0.003296 0.059675 -0.033585 0.014143 0.054723 -0.023568 0.014218 -0.042971 0.006115 -0.041353 -0.092793 -0.038869 -0.110519 
0.008098 -0.087861 -0.032770 -0.005470 -0.051548 -0.113986 0.042180 -0.014623 -0.041939 0.033060 -0.040083 0.056176 -0.020216 -0.038238 -0.023856 0.028554 -0.022876 0.026355 0.072118 -0.027777 0.022949 -0.035225 0.038683 -0.022850 -0.034443 -0.045025 -0.097028 
0.014741 -0.072037 -0.050156 0.008917 -0.020632 -0.090155 0.061930 -0.005369 -0.077318 0.014649 0.004165 0.042282 -0.009390 -0.022663 0.005660 -0.017474 -0.005971 0.051182 0.077807 0.000443 -0.017896 -0.045849 0.001040 0.001283 0.022270 -0.048149 -0.038880 
0.015757 -0.053721 -0.095730 -0.020938 -0.026017 -0.011559 0.048050 -0.022367 -0.097226 0.032072 -0.006378 0.022750 0.033906 -0.028410 0.029665 -0.000806 0.023386 0.056107 0.064852 0.003171 0.004562 -0.013202 -0.024842 -0.017689 -0.011632 -0.058119 -0.003503 
0.007713 -0.057149 -0.098695 -0.043913 -0.033339 -0.003123 0.027038 -0.010937 -0.062499 0.040490 -0.044959 0.044094 0.068874 -0.057955 0.032777 0.047431 0.008096 0.043192 0.049916 0.002512 0.039526 0.006554 -0.020905 -0.064510 -0.046606 -0.065444 -0.051070 
-0.006105 -0.051653 -0.088114 -0.018371 -0.060048 0.007922 0.019151 -0.029559 -0.106628 0.039537 -0.012525 0.021366 0.048146 -0.030700 0.031094 0.074575 0.002360 0.053223 0.015261 0.001437 -0.012789 0.000687 -0.019577 -0.069526 -0.064802 -0.027976 -0.020620 
-0.003634 -0.062203 -0.038644 0.014498 -0.012411 -0.072440 0.028275 0.002970 -0.038533 -0.002116 0.012369 0.022068 -0.023511 -0.008255 0.026755 0.083202 -0.007897 -0.012622 0.015257 0.027378 -0.071308 -0.032551 0.018329 -0.010366 0.002196 -0.009541 -0.055445 
0.010374 -0.074862 -0.033711 -0.002788 0.027008 -0.127159 0.035844 0.029236 0.008582 -0.023367 -0.012385 0.040856 -0.045358 -0.013714 0.030634 0.049080 -0.012853 -0.047092 0.054717 0.030026 -0.044699 -0.031229 0.006778 0.026909 0.029385 -0.034400 -0.091282 
0.016112 -0.065567 -0.053093 0.011143 0.027426 -0.100569 0.055360 0.022942 -0.029818 -0.015112 0.022585 0.026566 -0.033615 -0.012465 0.028854 -0.009403 0.011284 -0.010161 0.066381 0.040207 -0.047088 -0.040013 -0.018897 0.064425 0.062840 -0.056557 -0.033895 
-0.009976 -0.048501 0.010124 -0.099181 0.159307 -0.089980 0.031844 -0.090414 0.015947 0.038508 0.105484 0.064463 -0.162689 -0.135562 -0.090243 -0.107688 0.184336 -0.034843 0.053937 -0.037158 0.022237 -0.122407 0.091586 -0.015828 0.021740 0.077228 0.146875 
0.010921 -0.011008 0.053862 -0.080893 0.111901 -0.035393 0.015490 -0.055102 0.015657 0.025303 0.071307 0.051735 -0.110453 -0.106155 -0.074593 -0.062017 0.111834 -0.012124 0.020435 -0.054897 0.022663 -0.104840 0.071491 -0.043480 0.011036 -0.015010 0.143354 
0.030748 0.024101 0.093234 -0.072078 0.062046 0.022824 0.028391 -0.028990 -0.000196 0.020200 0.036470 0.049907 -0.050863 -0.078567 -0.075851 -0.060099 0.052378 0.005807 -0.024181 -0.063348 0.025769 -0.060622 0.018591 -0.029150 -0.012082 -0.101722 0.135953 
0.039758 0.060166 0.124944 -0.047885 0.001304 0.097393 0.028845 0.003991 -0.012362 0.026422 0.009290 0.062482 -0.002992 -0.054203 -0.076725 -0.051655 0.003197 0.025838 -0.058318 -0.063076 0.026099 -0.015995 -0.017767 -0.022033 -0.019718 -0.155685 0.130888 
0.042238 0.093779 0.149464 -0.017014 -0.050663 0.173157 0.023576 0.039180 -0.039333 0.028354 -0.013162 0.077623 0.026536 -0.022531 -0.063336 -0.032530 -0.020699 0.041790 -0.067381 -0.063380 0.022271 0.016599 -0.043857 -0.053854 -0.002828 -0.124342 0.101389 
0.039589 0.116467 0.146405 0.037220 -0.068884 0.221485 0.026085 0.068235 -0.056981 -0.001716 -0.013717 0.073133 0.036869 0.027198 -0.044034 -0.030716 -0.044322 0.054199 -0.065689 -0.072581 0.029550 0.015628 -0.039390 -0.092155 0.037407 -0.039583 0.042677 
0.028202 0.115145 0.119284 0.072471 -0.072573 0.209109 0.037063 0.065892 -0.027527 -0.042904 0.008463 0.038680 0.025095 0.042910 -0.004181 -0.051374 -0.057471 0.053201 -0.054124 -0.075061 0.033728 -0.005375 0.022761 -0.092941 0.042917 0.096087 -0.010838 
0.018241 0.084090 0.070373 0.042932 -0.051386 0.144266 0.045638 0.053496 0.060090 -0.078588 0.005150 -0.009773 -0.050460 0.019732 0.026286 -0.059344 0.022608 0.000147 -0.069997 -0.019107 0.033314 -0.024275 0.026977 -0.063767 0.058983 0.239727 -0.040842 
0.014984 0.053749 0.022250 0.018999 -0.015068 0.072192 0.046393 0.041680 0.122134 -0.113477 -0.002594 -0.063719 -0.076490 0.007731 0.034725 -0.054303 0.087645 -0.062593 -0.085269 0.038536 0.022239 -0.036540 -0.000088 -0.009362 0.029043 0.246231 -0.051433 
0.008117 0.038847 -0.011785 0.021203 0.019704 0.012229 0.022827 0.028633 0.134456 -0.126293 0.000717 -0.103537 -0.032707 0.004289 0.032741 -0.063651 0.111090 -0.096866 -0.109602 0.081197 0.013099 -0.019548 -0.018238 0.042149 -0.026699 0.175663 -0.029663 
-0.008803 0.048543 0.001612 0.019530 0.034982 -0.002314 -0.028486 0.055393 0.087715 -0.087015 -0.011570 -0.111672 0.048601 0.004180 0.023878 -0.045154 0.098024 -0.080833 -0.112327 0.088664 -0.000889 0.023346 -0.042929 0.072809 -0.042350 0.132863 0.028360 
-0.026625 0.072066 0.032379 0.046294 0.031093 0.023456 -0.070194 0.053335 0.019447 -0.034681 -0.020164 -0.089409 0.108270 0.006358 -0.003329 -0.030553 0.041515 -0.058607 -0.063333 0.045846 -0.037475 0.043350 -0.015130 0.070291 -0.037910 0.102232 0.092590 
-0.051690 0.099307 0.072394 0.071721 0.041728 0.074980 -0.096960 0.031003 -0.046513 -0.009481 -0.024095 -0.052384 0.147603 0.035658 -0.032201 -0.012504 -0.043573 -0.011721 0.022064 -0.028757 -0.054715 0.049841 0.063953 0.056024 0.022421 0.043354 0.130454 
-0.075297 0.101197 0.094644 0.043271 0.076209 0.059611 -0.115961 0.016986 -0.065682 0.008330 -0.014513 -0.035090 0.143230 0.040280 -0.048623 0.002182 -0.082579 0.022879 0.064461 -0.064785 -0.010917 0.002132 0.064703 0.040903 0.005261 0.002844 0.152420 
-0.083224 0.080189 0.097095 -0.003893 0.096423 0.019282 -0.116052 -0.009762 -0.032905 0.035215 -0.019799 -0.006178 0.071350 0.010269 -0.069981 0.007810 -0.052186 0.010625 0.083097 -0.069891 0.026547 -0.018503 0.003804 0.034022 -0.032066 0.009045 0.177005 
-0.075296 0.051894 0.088371 -0.035539 0.099860 -0.003797 -0.080716 -0.047257 0.004850 0.039165 -0.025373 0.015743 -0.010051 -0.020708 -0.086837 0.012217 0.006348 -0.027607 0.095964 -0.074005 0.037695 -0.000560 -0.012662 0.019728 -0.078113 0.018383 0.186397 
-0.050443 0.027075 0.071925 -0.060761 0.103085 -0.019720 -0.024636 -0.078410 0.037041 0.034048 -0.012818 0.019759 -0.057474 -0.048785 -0.083046 0.022909 0.048286 -0.033437 0.075106 -0.060700 0.029753 -0.000905 -0.011102 0.022679 -0.103467 0.003438 0.190408 
-0.014891 0.005404 0.047574 -0.069044 0.093469 -0.022311 0.018638 -0.111271 0.064629 0.030617 0.019210 0.017300 -0.094663 -0.069487 -0.062330 0.031995 0.086783 -0.021436 0.024418 -0.040434 0.003834 -0.002322 -0.019625 0.046642 -0.095257 -0.013805 0.197183 
0.022744 -0.018422 0.020339 -0.084259 0.086613 -0.029781 0.077636 -0.166486 0.078608 0.015775 0.058682 0.013957 -0.129646 -0.085061 -0.050507 0.021123 0.132270 -0.017602 -0.019990 -0.015564 -0.000129 0.008124 -0.017558 0.096015 -0.057273 -0.023307 0.206718 
-0.039865 -0.010401 -0.003187 0.018792 0.034305 -0.023767 -0.068721 -0.033120 0.074477 -0.019580 0.076522 -0.109703 -0.011503 0.040883 0.042089 -0.017948 -0.063943 0.034107 -0.020600 -0.075979 0.044458 0.077017 -0.075809 -0.000080 -0.012436 -0.025072 -0.012699 
0.025598 -0.003583 0.016432 0.018743 -0.037870 0.056532 -0.032282 -0.003100 0.041963 -0.021713 0.066188 -0.074480 -0.057434 0.012778 0.050352 -0.107910 -0.018959 0.085484 -0.031610 0.009264 0.049031 0.067915 -0.001705 -0.119298 0.052409 -0.038812 -0.041640 
# The variances of the components (eigenvalues) of identity or combined identity and expression model
1
27
5
4150.551996 2065.215310 265.258327 186.000361 132.711273 124.447813 108.794164 73.931083 59.685948 57.001564 48.743751 47.898640 41.109643 39.244174 30.906579 26.954068 26.877038 21.220634 19.832833 18.399012 15.893368 15.380959 13.364200 11.690592 9.937073 3.967712 3.151297 
